23.4375	0.049292875
46.875	0.152339829
70.3125	0.612946952
93.75	0.534318322
117.1875	0.370290831
140.625	0.561188455
164.0625	0.427873625
187.5	0.347695554
210.9375	0.208209964
234.375	0.463460851
257.8125	0.832072756
281.25	0.700686058
304.6875	0.467419758
328.125	0.296420685
351.5625	0.158272363
375	0.927276722
398.4375	0.281593333
421.875	0.331380259
445.3125	0.485385839
468.75	0.50420381
492.1875	0.129357075
515.625	0.131456766
539.0625	0.006746348
562.5	0.080611013
585.9375	0.094436535
609.375	0.111886724
632.8125	0.045803321
656.25	0.023358786
679.6875	0.017566849
703.125	0.039691633
726.5625	0.008431427
750	0.08853121
773.4375	0.069364693
796.875	0.067594166
820.3125	0.057009543
843.75	0.038264203
867.1875	0.046767978
890.625	0.062932264
914.0625	0.050961524
937.5	0.068160965
960.9375	0.05478499
984.375	0.059716269
1007.8125	0.062883334
1031.25	0.066081621
1054.6875	0.064959869
1078.125	0.07703224
1101.5625	0.070588943
1125	0.063115698
1148.4375	0.054017468
1171.875	0.061576986
1195.3125	0.062433315
1218.75	0.093663076
1242.1875	0.08535929
1265.625	0.071784524
1289.0625	0.062153663
1312.5	0.078675988
1335.9375	0.115556423
1359.375	0.10471995
1382.8125	0.10676143
1406.25	0.106605919
1429.6875	0.083091665
1453.125	0.11373472
1476.5625	0.122032876
1500	0.131203766
1523.4375	0.131882468
1546.875	0.135412193
1570.3125	0.144419234
1593.75	0.148882833
1617.1875	0.18037689
1640.625	0.179785005
1664.0625	0.187759046
1687.5	0.184925995
1710.9375	0.207362042
1734.375	0.252683284
1757.8125	0.275758532
1781.25	0.299590671
1804.6875	0.341223207
1828.125	0.38960413
1851.5625	0.450733891
1875	0.561568187
1898.4375	0.706547502
1921.875	0.957437629
1945.3125	1.487925798
1968.75	3.241116928
1992.1875	20.64290365
2015.625	2.428415519
2039.0625	1.29080207
2062.5	0.888134498
2085.9375	0.684926714
2109.375	0.540237771
2132.8125	0.448751427
2156.25	0.401553539
2179.6875	0.34271746
2203.125	0.301694859
2226.5625	0.272925952
2250	0.269034928
2273.4375	0.260519432
2296.875	0.242492881
2320.3125	0.213829248
2343.75	0.204502509
2367.1875	0.176863249
2390.625	0.17525694
2414.0625	0.176064214
2437.5	0.162683352
2460.9375	0.153439646
2484.375	0.145397096
2507.8125	0.132376563
2531.25	0.137837813
2554.6875	0.147801417
2578.125	0.130392079
2601.5625	0.116296529
2625	0.114048124
2648.4375	0.106062109
2671.875	0.113827013
2695.3125	0.118005136
2718.75	0.106372833
2742.1875	0.101369553
2765.625	0.088616171
2789.0625	0.092765197
2812.5	0.099969631
2835.9375	0.101312023
2859.375	0.097753731
2882.8125	0.083164551
2906.25	0.085000327
2929.6875	0.088678119
2953.125	0.084992527
2976.5625	0.079829334
3000	0.074136528
3023.4375	0.0784562
3046.875	0.077956391
3070.3125	0.073184418
3093.75	0.076158936
3117.1875	0.084105891
3140.625	0.074519151
3164.0625	0.074589436
3187.5	0.073996837
3210.9375	0.063131741
3234.375	0.063670103
3257.8125	0.073205201
3281.25	0.071626876
3304.6875	0.063783355
3328.125	0.061745611
3351.5625	0.058286033
3375	0.06657176
3398.4375	0.074730293
3421.875	0.07305548
3445.3125	0.065113575
3468.75	0.061451223
3492.1875	0.05582138
3515.625	0.065513945
3539.0625	0.067248597
3562.5	0.064996853
3585.9375	0.057633247
3609.375	0.058318984
3632.8125	0.060008737
3656.25	0.06959015
3679.6875	0.06846295
3703.125	0.053832706
3726.5625	0.047662473
3750	0.050144945
3773.4375	0.058817459
3796.875	0.060602041
3820.3125	0.060671893
3843.75	0.054841737
3867.1875	0.054503751
3890.625	0.056040233
3914.0625	0.060821243
3937.5	0.067215415
3960.9375	0.06776133
3984.375	0.057994142
4007.8125	0.065598845
4031.25	0.061972262
4054.6875	0.059836843
4078.125	0.055214775
4101.5625	0.060591339
4125	0.065505315
4148.4375	0.068931282
4171.875	0.069002861
4195.3125	0.063194719
4218.75	0.065302692
4242.1875	0.069877823
4265.625	0.066247191
4289.0625	0.062918646
4312.5	0.063157458
4335.9375	0.061361612
4359.375	0.081372525
4382.8125	0.07397085
4406.25	0.075247127
4429.6875	0.066105833
4453.125	0.06971001
4476.5625	0.073567669
4500	0.081724263
4523.4375	0.085338963
4546.875	0.087228615
4570.3125	0.08418326
4593.75	0.092220622
4617.1875	0.103702126
4640.625	0.113265888
4664.0625	0.106584022
4687.5	0.111649991
4710.9375	0.114619491
4734.375	0.113751392
4757.8125	0.13253999
4781.25	0.156149225
4804.6875	0.167406456
4828.125	0.185749861
4851.5625	0.221435938
4875	0.232030963
4898.4375	0.272031823
4921.875	0.365716586
4945.3125	0.519156389
4968.75	0.864354932
4992.1875	2.85657819
5015.625	1.742823608
5039.0625	0.661563146
5062.5	0.391715344
5085.9375	0.294697679
5109.375	0.227666808
5132.8125	0.180081082
5156.25	0.163525403
5179.6875	0.125575633
5203.125	0.106199709
5226.5625	0.120591255
5250	0.086048445
5273.4375	0.079210233
5296.875	0.068492247
5320.3125	0.05534317
5343.75	0.05504063
5367.1875	0.058518964
5390.625	0.053227607
5414.0625	0.041335958
5437.5	0.040070806
5460.9375	0.040217803
5484.375	0.040460618
5507.8125	0.03509881
5531.25	0.050217677
5554.6875	0.030512447
5578.125	0.030889423
5601.5625	0.033105538
5625	0.027427091
5648.4375	0.028784765
5671.875	0.030070723
5695.3125	0.025438995
5718.75	0.023136226
5742.1875	0.023263474
5765.625	0.017561981
5789.0625	0.01454068
5812.5	0.024936938
5835.9375	0.024213378
5859.375	0.023034809
5882.8125	0.019571613
5906.25	0.018471647
5929.6875	0.014093269
5953.125	0.018060143
5976.5625	0.017908142
6000	0.017296475
6023.4375	0.018925411
6046.875	0.016439974
6070.3125	0.013623427
6093.75	0.01461663
6117.1875	0.017941298
6140.625	0.015582427
6164.0625	0.015124342
6187.5	0.015350513
6210.9375	0.012867053
6234.375	0.010521072
6257.8125	0.012976993
6281.25	0.011114136
6304.6875	0.012993202
6328.125	0.009475585
6351.5625	0.013701015
6375	0.009728413
6398.4375	0.01522814
6421.875	0.012193099
6445.3125	0.011322246
6468.75	0.012749087
6492.1875	0.008226032
6515.625	0.007086659
6539.0625	0.014306284
6562.5	0.011563523
6585.9375	0.011852311
6609.375	0.012748177
6632.8125	0.010473115
6656.25	0.008729198
6679.6875	0.013112085
6703.125	0.009407758
6726.5625	0.010510997
6750	0.010112476
6773.4375	0.014322746
6796.875	0.011868117
6820.3125	0.010819444
6843.75	0.008584011
6867.1875	0.009475976
6890.625	0.013316675
6914.0625	0.013981394
6937.5	0.012860862
6960.9375	0.006176113
6984.375	0.010944675
7007.8125	0.009371084
7031.25	0.009836361
7054.6875	0.013229468
7078.125	0.010353363
7101.5625	0.012046455
7125	0.01013005
7148.4375	0.010521196
7171.875	0.014176729
7195.3125	0.009259226
7218.75	0.010434848
7242.1875	0.007597619
7265.625	0.010892526
7289.0625	0.010105337
7312.5	0.009410451
7335.9375	0.010590442
7359.375	0.011020352
7382.8125	0.007397597
7406.25	0.009379812
7429.6875	0.012481049
7453.125	0.009833326
7476.5625	0.01042431
7500	0.00911785
7523.4375	0.010006638
7546.875	0.00924959
7570.3125	0.010161386
7593.75	0.010241049
7617.1875	0.008640624
7640.625	0.00872529
7664.0625	0.010541053
7687.5	0.008943505
7710.9375	0.010530518
7734.375	0.008149415
7757.8125	0.008568214
7781.25	0.006631784
7804.6875	0.009222493
7828.125	0.00976298
7851.5625	0.009525911
7875	0.010223802
7898.4375	0.01026746
7921.875	0.010263882
7945.3125	0.008588668
7968.75	0.007824301
7992.1875	0.008286187
8015.625	0.00901776
8039.0625	0.009235648
8062.5	0.010586593
8085.9375	0.008883727
8109.375	0.006598482
8132.8125	0.007821719
8156.25	0.009272275
8179.6875	0.009536979
8203.125	0.008754879
8226.5625	0.007993882
8250	0.008471654
8273.4375	0.008619613
8296.875	0.00858819
8320.3125	0.009840923
8343.75	0.008399233
8367.1875	0.007387055
8390.625	0.00855415
8414.0625	0.008302701
8437.5	0.010454763
8460.9375	0.010517845
8484.375	0.007456613
8507.8125	0.005671659
8531.25	0.008840233
8554.6875	0.009946389
8578.125	0.011499267
8601.5625	0.010582554
8625	0.009275753
8648.4375	0.007664767
8671.875	0.005938958
8695.3125	0.007638175
8718.75	0.008983631
8742.1875	0.008384404
8765.625	0.007193121
8789.0625	0.005425305
8812.5	0.007670327
8835.9375	0.008648243
8859.375	0.010975868
8882.8125	0.008696044
8906.25	0.005208143
8929.6875	0.008021305
8953.125	0.00708237
8976.5625	0.003722567
9000	0.012877058
9023.4375	0.006460738
9046.875	0.002663247
9070.3125	0.00558902
9093.75	0.006378931
9117.1875	0.007896209
9140.625	0.004215794
9164.0625	0.004293221
9187.5	0.021775408
9210.9375	0.018174202
9234.375	0.009089743
9257.8125	0.011938276
9281.25	0.017677613
9304.6875	0.011787749
9328.125	0.013142876
9351.5625	0.007989918
9375	0.011656407
9398.4375	0.009697467
9421.875	0.013352431
9445.3125	0.007039152
9468.75	0.010235905
9492.1875	0.009247451
9515.625	0.011478067
9539.0625	0.012905809
9562.5	0.010595772
9585.9375	0.008481562
9609.375	0.00787183
9632.8125	0.009626706
9656.25	0.010697718
9679.6875	0.010306942
9703.125	0.009882065
9726.5625	0.008216523
9750	0.008506712
9773.4375	0.009101831
9796.875	0.008780099
9820.3125	0.009613728
9843.75	0.009872342
9867.1875	0.008851879
9890.625	0.008643184
9914.0625	0.009613522
9937.5	0.012123424
9960.9375	0.006532512
9984.375	0.008322498
10007.8125	0.006343283
10031.25	0.007369731
10054.6875	0.006765518
10078.125	0.008675471
10101.5625	0.009773406
10125	0.008539009
10148.4375	0.007857483
10171.875	0.007625963
10195.3125	0.008706415
10218.75	0.008867014
10242.1875	0.009312928
10265.625	0.006726209
10289.0625	0.005297647
10312.5	0.006106773
10335.9375	0.008034781
10359.375	0.007373353
10382.8125	0.008611265
10406.25	0.006567454
10429.6875	0.006956166
10453.125	0.006863608
10476.5625	0.007956439
10500	0.008135229
10523.4375	0.007489094
10546.875	0.007615006
10570.3125	0.008337879
10593.75	0.005807809
10617.1875	0.008442295
10640.625	0.008969209
10664.0625	0.007688907
10687.5	0.00632698
10710.9375	0.007609458
10734.375	0.007577318
10757.8125	0.007732035
10781.25	0.007566864
10804.6875	0.008332506
10828.125	0.006711259
10851.5625	0.006820083
10875	0.006823123
10898.4375	0.00776867
10921.875	0.007595974
10945.3125	0.007872026
10968.75	0.006290229
10992.1875	0.006935676
11015.625	0.007673903
11039.0625	0.007129778
11062.5	0.008052782
11085.9375	0.008554677
11109.375	0.007374219
11132.8125	0.007155919
11156.25	0.00840611
11179.6875	0.007691137
11203.125	0.007699591
11226.5625	0.008336669
11250	0.007233566
11273.4375	0.007151028
11296.875	0.007393726
11320.3125	0.006881372
11343.75	0.007250317
11367.1875	0.007578145
11390.625	0.007091253
11414.0625	0.008164867
11437.5	0.006412471
11460.9375	0.006139056
11484.375	0.008035171
11507.8125	0.007159934
11531.25	0.007097892
11554.6875	0.006611415
11578.125	0.005436216
11601.5625	0.007323359
11625	0.007491371
11648.4375	0.006901184
11671.875	0.006476762
11695.3125	0.005239412
11718.75	0.007345097
11742.1875	0.00615905
11765.625	0.006426026
11789.0625	0.007728859
11812.5	0.006902547
11835.9375	0.004546437
11859.375	0.008061669
11882.8125	0.007740282
11906.25	0.008200002
11929.6875	0.006211096
11953.125	0.003094967
11976.5625	0.003976686
12000	0.00763388
12023.4375	0.006634304
12046.875	0.006175786
12070.3125	0.006234316
12093.75	0.007445094
12117.1875	0.007030074
12140.625	0.005575699
12164.0625	0.006925084
12187.5	0.007340065
12210.9375	0.007719885
12234.375	0.007432015
12257.8125	0.00721979
12281.25	0.005457943
12304.6875	0.006592606
12328.125	0.006564789
12351.5625	0.006932063
12375	0.006778377
12398.4375	0.006678064
12421.875	0.006488945
12445.3125	0.00565803
12468.75	0.006577674
12492.1875	0.008034058
12515.625	0.005682568
12539.0625	0.005492197
12562.5	0.006526974
12585.9375	0.007252794
12609.375	0.004796499
12632.8125	0.007288762
12656.25	0.006946076
12679.6875	0.006842714
12703.125	0.00636734
12726.5625	0.006572622
12750	0.006536115
12773.4375	0.00603119
12796.875	0.007475998
12820.3125	0.006512681
12843.75	0.006149083
12867.1875	0.005632536
12890.625	0.005932763
12914.0625	0.005469208
12937.5	0.008474534
12960.9375	0.005135813
12984.375	0.005931067
13007.8125	0.007007058
13031.25	0.00663118
13054.6875	0.005994738
13078.125	0.005968736
13101.5625	0.006368698
13125	0.005464766
13148.4375	0.005479523
13171.875	0.006519103
13195.3125	0.006168204
13218.75	0.006769116
13242.1875	0.006085368
13265.625	0.006360444
13289.0625	0.00515504
13312.5	0.006492978
13335.9375	0.006070508
13359.375	0.007211346
13382.8125	0.006166043
13406.25	0.006937138
13429.6875	0.006109029
13453.125	0.00669963
13476.5625	0.007386445
13500	0.00670652
13523.4375	0.006364588
13546.875	0.006391932
13570.3125	0.006114892
13593.75	0.006536273
13617.1875	0.006258918
13640.625	0.007616681
13664.0625	0.006851794
13687.5	0.004804452
13710.9375	0.006595876
13734.375	0.005643618
13757.8125	0.006861689
13781.25	0.005723544
13804.6875	0.005395358
13828.125	0.006704086
13851.5625	0.005267367
13875	0.006266143
13898.4375	0.006925415
13921.875	0.007252412
13945.3125	0.005896896
13968.75	0.006886185
13992.1875	0.005610591
14015.625	0.005102786
14039.0625	0.007856912
14062.5	0.005972431
14085.9375	0.006894832
14109.375	0.005295366
14132.8125	0.006428391
14156.25	0.005202177
14179.6875	0.005731218
14203.125	0.007623737
14226.5625	0.006390752
14250	0.00551479
14273.4375	0.008050724
14296.875	0.00775969
14320.3125	0.006547513
14343.75	0.007390414
14367.1875	0.009287152
14390.625	0.005828911
14414.0625	0.00417479
14437.5	0.005771133
14460.9375	0.006792217
14484.375	0.007328479
14507.8125	0.004836998
14531.25	0.005180372
14554.6875	0.005127926
14578.125	0.005237275
14601.5625	0.004776693
14625	0.005407145
14648.4375	0.005818409
14671.875	0.006977945
14695.3125	0.00467519
14718.75	0.002872131
14742.1875	0.003764375
14765.625	0.004158701
14789.0625	0.00695486
14812.5	0.004064712
14835.9375	0.003293943
14859.375	0.006909614
14882.8125	0.006991753
14906.25	0.004944974
14929.6875	0.006683626
14953.125	0.003917615
14976.5625	0.003160877
15000	0.003246884
15023.4375	0.009777205
15046.875	0.00870423
15070.3125	0.004300208
15093.75	0.003865051
15117.1875	0.007896413
15140.625	0.006958369
15164.0625	0.007947813
15187.5	0.008826297
15210.9375	0.005915173
15234.375	0.005576795
15257.8125	0.005302863
15281.25	0.006973628
15304.6875	0.006623621
15328.125	0.005075459
15351.5625	0.008105568
15375	0.006740272
15398.4375	0.006122721
15421.875	0.007530079
15445.3125	0.006502669
15468.75	0.010881959
15492.1875	0.008946683
15515.625	0.00649247
15539.0625	0.002439108
15562.5	0.007315231
15585.9375	0.007322047
15609.375	0.00623661
15632.8125	0.00583345
15656.25	0.008407047
15679.6875	0.004792075
15703.125	0.005433446
15726.5625	0.005615132
15750	0.00364013
15773.4375	0.006113245
15796.875	0.005855316
15820.3125	0.007147284
15843.75	0.008060076
15867.1875	0.005074393
15890.625	0.010209056
15914.0625	0.003611728
15937.5	0.004099336
15960.9375	0.006411913
15984.375	0.007345853
16007.8125	0.006306925
16031.25	0.007035295
16054.6875	0.005979435
16078.125	0.008126059
16101.5625	0.007179359
16125	0.007350775
16148.4375	0.004867046
16171.875	0.005634224
16195.3125	0.006444256
16218.75	0.006326505
16242.1875	0.004735304
16265.625	0.00619084
16289.0625	0.00421019
16312.5	0.007847582
16335.9375	0.005341181
16359.375	0.004513038
16382.8125	0.006656542
16406.25	0.005956958
16429.6875	0.007359129
16453.125	0.005926889
16476.5625	0.003287015
16500	0.004865587
16523.4375	0.006253191
16546.875	0.00317529
16570.3125	0.006905738
16593.75	0.005469464
16617.1875	0.006324868
16640.625	0.004709963
16664.0625	0.0036164
16687.5	0.006454633
16710.9375	0.004064599
16734.375	0.005072974
16757.8125	0.006234179
16781.25	0.007642018
16804.6875	0.004218856
16828.125	0.007505521
16851.5625	0.007027211
16875	0.0055212
16898.4375	0.002681674
16921.875	0.006491082
16945.3125	0.004850659
16968.75	0.002741607
16992.1875	0.001745195
17015.625	0.009913042
17039.0625	0.008068302
17062.5	0.004457791
17085.9375	0.006343486
17109.375	0.006470996
17132.8125	0.003909599
17156.25	0.004424779
17179.6875	0.006280757
17203.125	0.007332933
17226.5625	0.006770407
17250	0.006445048
17273.4375	0.00595817
17296.875	0.006281576
17320.3125	0.008950689
17343.75	0.008452581
17367.1875	0.006881018
17390.625	0.005614325
17414.0625	0.008847192
17437.5	0.006973117
17460.9375	0.004574306
17484.375	0.004645924
17507.8125	0.005333528
17531.25	0.003895274
17554.6875	0.003943825
17578.125	0.009283145
17601.5625	0.007954778
17625	0.007984811
17648.4375	0.005476849
17671.875	0.005096359
17695.3125	0.008847803
17718.75	0.0016493
17742.1875	0.006553952
17765.625	0.006903905
17789.0625	0.005652683
17812.5	0.005536741
17835.9375	0.005887572
17859.375	0.003631711
17882.8125	0.006864483
17906.25	0.004742014
17929.6875	0.003841272
17953.125	0.005749826
17976.5625	0.005383198
18000	0.008205438
18023.4375	0.007548646
18046.875	0.003242527
18070.3125	0.006320112
18093.75	0.003511941
18117.1875	0.006730537
18140.625	0.008136195
18164.0625	0.005932137
18187.5	0.008805538
18210.9375	0.004935589
18234.375	0.002277012
18257.8125	0.004705078
18281.25	0.005485374
18304.6875	0.003217167
18328.125	0.004173621
18351.5625	0.004022069
18375	0.003929997
18398.4375	0.005893267
18421.875	0.007301455
18445.3125	0.006447896
18468.75	0.004867622
18492.1875	0.004758142
18515.625	0.00227553
18539.0625	0.006172984
18562.5	0.00637972
18585.9375	0.007664169
18609.375	0.003715051
18632.8125	0.001364757
18656.25	0.004546396
18679.6875	0.005547612
18703.125	0.00507055
18726.5625	0.008415785
18750	0.006302096
18773.4375	0.006533174
18796.875	0.002994151
18820.3125	0.007106029
18843.75	0.00475238
18867.1875	0.007206206
18890.625	0.004072736
18914.0625	0.00717153
18937.5	0.00212801
18960.9375	0.004491478
18984.375	0.006577051
19007.8125	0.006621968
19031.25	0.004616438
19054.6875	0.00241814
19078.125	0.0056706
19101.5625	0.006215438
19125	0.002032737
19148.4375	0.011910311
19171.875	0.004311236
19195.3125	0.00700835
19218.75	0.006062167
19242.1875	0.008162578
19265.625	0.011813907
19289.0625	0.006331617
19312.5	0.00865915
19335.9375	0.003316391
19359.375	0.005092137
19382.8125	0.003459454
19406.25	0.009132749
19429.6875	0.008181594
19453.125	0.005174534
19476.5625	0.003497349
19500	0.00458336
19523.4375	0.005806811
19546.875	0.00810638
19570.3125	0.006855641
19593.75	0.005133939
19617.1875	0.003627717
19640.625	0.00710874
19664.0625	0.006179742
19687.5	0.009740324
19710.9375	0.006422849
19734.375	0.007932088
19757.8125	0.005389733
19781.25	0.003852168
19804.6875	0.004895414
19828.125	0.006959229
19851.5625	0.007989637
19875	0.004586001
19898.4375	0.005349722
19921.875	0.005286021
19945.3125	0.005511822
19968.75	0.007204833
19992.1875	0.002931693
20015.625	0.007505174
20039.0625	0.005924696
20062.5	0.00454659
20085.9375	0.008791759
20109.375	0.005285475
20132.8125	0.006082861
20156.25	0.005201796
20179.6875	0.005881417
20203.125	0.007721695
20226.5625	0.005029367
20250	0.005017025
20273.4375	0.004162391
20296.875	0.006235831
20320.3125	0.00970512
20343.75	0.001188411
20367.1875	0.008555491
20390.625	0.005600964
20414.0625	0.008829522
20437.5	0.004677865
20460.9375	0.005293823
20484.375	0.00355342
20507.8125	0.008270918
20531.25	0.004908766
20554.6875	0.00422491
20578.125	0.004097543
20601.5625	0.008479106
20625	0.005216221
20648.4375	0.00589726
20671.875	0.006624478
20695.3125	0.001853646
20718.75	0.006562092
20742.1875	0.004251438
20765.625	0.007337437
20789.0625	0.007008921
20812.5	0.006958786
20835.9375	0.007068795
20859.375	0.003723941
20882.8125	0.00400322
20906.25	0.004218277
20929.6875	0.006823188
20953.125	0.001812083
20976.5625	0.003753547
21000	0.005992045
21023.4375	0.00090191
21046.875	0.003549946
21070.3125	0.007206895
21093.75	0.005906069
21117.1875	0.00635693
21140.625	0.00486239
21164.0625	0.005872379
21187.5	0.002086624
21210.9375	0.004002062
21234.375	0.00468463
21257.8125	0.00583195
21281.25	0.00116817
21304.6875	0.006874233
21328.125	0.004632503
21351.5625	0.008501621
21375	0.004908734
21398.4375	0.004512028
21421.875	0.005178661
21445.3125	0.004983532
21468.75	0.005284434
21492.1875	0.00705074
21515.625	0.006400397
21539.0625	0.003573113
21562.5	0.004966848
21585.9375	0.00512758
21609.375	0.004377809
21632.8125	0.005861089
21656.25	0.007019087
21679.6875	0.005810895
21703.125	0.005852763
21726.5625	0.004647734
21750	0.004398069
21773.4375	0.005308341
21796.875	0.004775145
21820.3125	0.006211134
21843.75	0.005912947
21867.1875	0.004780889
21890.625	0.005081724
21914.0625	0.006621171
21937.5	0.00503599
21960.9375	0.005712421
21984.375	0.003722402
22007.8125	0.005234514
22031.25	0.003758646
22054.6875	0.006375007
22078.125	0.004703763
22101.5625	0.004041193
22125	0.003729517
22148.4375	0.004123838
22171.875	0.004623247
22195.3125	0.004771294
22218.75	0.005010006
22242.1875	0.004780471
22265.625	0.00662658
22289.0625	0.004364208
22312.5	0.005358374
22335.9375	0.004210627
22359.375	0.004948023
22382.8125	0.005282077
22406.25	0.004479943
22429.6875	0.005458215
22453.125	0.00675697
22476.5625	0.006038527
22500	0.005108779
22523.4375	0.004963364
22546.875	0.005082819
22570.3125	0.004047636
22593.75	0.005077712
22617.1875	0.004200781
22640.625	0.004614136
22664.0625	0.005735677
22687.5	0.005242179
22710.9375	0.004809408
22734.375	0.00493434
22757.8125	0.005435447
22781.25	0.004612905
22804.6875	0.004721155
22828.125	0.003989907
22851.5625	0.004717323
22875	0.006112731
22898.4375	0.005493551
22921.875	0.004475992
22945.3125	0.004078689
22968.75	0.004803668
22992.1875	0.005079832
23015.625	0.004632933
23039.0625	0.005313567
23062.5	0.00551912
23085.9375	0.004696928
23109.375	0.005074491
23132.8125	0.005005067
23156.25	0.00440569
23179.6875	0.004711483
23203.125	0.004355333
23226.5625	0.004923812
23250	0.004281552
23273.4375	0.005230342
23296.875	0.003824116
23320.3125	0.005093714
23343.75	0.004683209
23367.1875	0.005166964
23390.625	0.004714548
23414.0625	0.005047442
23437.5	0.00518309
23460.9375	0.005501732
23484.375	0.005920737
23507.8125	0.004829737
23531.25	0.005543102
23554.6875	0.004416825
23578.125	0.004479204
23601.5625	0.004789929
23625	0.005240201
23648.4375	0.006014957
23671.875	0.005195929
23695.3125	0.004753881
23718.75	0.005055191
23742.1875	0.004547316
23765.625	0.004516618
23789.0625	0.005590461
23812.5	0.004648149
23835.9375	0.004879528
23859.375	0.005219734
23882.8125	0.005384514
23906.25	0.004224759
23929.6875	0.005718205
23953.125	0.005072786
23976.5625	0.005582562