5.859375	0.042344785
11.71875	0.146205798
17.578125	0.070229562
23.4375	0.186082015
29.296875	0.027050145
35.15625	0.1415399
41.015625	0.273882759
46.875	0.653392269
52.734375	1.01159609
58.59375	0.285205138
64.453125	0.136086614
70.3125	1.983352157
76.171875	4.133921414
82.03125	0.833326524
87.890625	0.236074402
93.75	0.911744243
99.609375	0.142969978
105.46875	1.284522081
111.328125	2.117214458
117.1875	1.459670147
123.046875	1.262890444
128.90625	1.589345918
134.765625	1.271974661
140.625	0.782935057
146.484375	2.752898704
152.34375	0.915920941
158.203125	1.435547602
164.0625	1.456883612
169.921875	1.4859073
175.78125	0.619884482
181.640625	1.690030707
187.5	0.745624607
193.359375	0.843336416
199.21875	0.464561397
205.078125	1.254279901
210.9375	0.980906698
216.796875	1.21366205
222.65625	2.182448103
228.515625	0.831875414
234.375	1.983000244
240.234375	1.736650818
246.09375	0.639404557
251.953125	2.100705042
257.8125	0.825206758
263.671875	0.443229304
269.53125	0.635128366
275.390625	1.53436664
281.25	2.610370927
287.109375	0.343819021
292.96875	0.493511049
298.828125	0.61513223
304.6875	0.527642575
310.546875	0.856498012
316.40625	0.680209612
322.265625	0.411442301
328.125	0.41380567
333.984375	0.217492111
339.84375	0.201155327
345.703125	0.720907752
351.5625	0.353214909
357.421875	0.629625307
363.28125	0.841724919
369.140625	0.627506808
375	0.663611383
380.859375	0.89339532
386.71875	0.115003522
392.578125	0.32163405
398.4375	0.202216976
404.296875	0.544414672
410.15625	0.083638221
416.015625	0.212027652
421.875	0.317417011
427.734375	0.371723064
433.59375	0.256186346
439.453125	0.293901453
445.3125	0.224820823
451.171875	0.378816764
457.03125	0.249181974
462.890625	0.230142835
468.75	0.414241618
474.609375	0.359971653
480.46875	0.284106503
486.328125	0.372026928
492.1875	0.125486245
498.046875	0.319265312
503.90625	0.16404651
509.765625	0.509051208
515.625	0.226018425
521.484375	0.180775644
527.34375	0.1688633
533.203125	0.082944602
539.0625	0.088142674
544.921875	0.191176644
550.78125	0.217943115
556.640625	0.15469366
562.5	0.206309478
568.359375	0.205292018
574.21875	0.229301281
580.078125	0.17897562
585.9375	0.072615872
591.796875	0.093637524
597.65625	0.277786116
603.515625	0.175889831
609.375	0.226864983
615.234375	0.304795157
621.09375	0.228997813
626.953125	0.117058955
632.8125	0.090052456
638.671875	0.089966183
644.53125	0.119304537
650.390625	0.051170015
656.25	0.118992277
662.109375	0.11570168
667.96875	0.158509507
673.828125	0.200991671
679.6875	0.08802206
685.546875	0.056946636
691.40625	0.02904339
697.265625	0.089926094
703.125	0.122778892
708.984375	0.070620136
714.84375	0.106398941
720.703125	0.144473463
726.5625	0.145618805
732.421875	0.183593038
738.28125	0.1245368
744.140625	0.149573313
750	0.092144791
755.859375	0.094641182
761.71875	0.064999427
767.578125	0.162121452
773.4375	0.083427571
779.296875	0.176268585
785.15625	0.222380973
791.015625	0.133457083
796.875	0.126190879
802.734375	0.208644786
808.59375	0.256099667
814.453125	0.180572276
820.3125	0.147096422
826.171875	0.091212245
832.03125	0.191602092
837.890625	0.162182063
843.75	0.100890515
849.609375	0.136233185
855.46875	0.139791905
861.328125	0.176011921
867.1875	0.074669509
873.046875	0.092206807
878.90625	0.021369275
884.765625	0.082114298
890.625	0.034474929
896.484375	0.053636773
902.34375	0.066849681
908.203125	0.089892228
914.0625	0.131558571
919.921875	0.073142718
925.78125	0.063752057
931.640625	0.01324343
937.5	0.026004621
943.359375	0.16076575
949.21875	0.062726027
955.078125	0.144033897
960.9375	0.188571699
966.796875	0.176916281
972.65625	0.141764018
978.515625	0.092834597
984.375	0.052172932
990.234375	0.115754897
996.09375	0.10413491
1001.953125	0.039114861
1007.8125	0.066783799
1013.671875	0.166136895
1019.53125	0.170786925
1025.390625	0.003813687
1031.25	0.079607282
1037.109375	0.062940606
1042.96875	0.094699665
1048.828125	0.147605591
1054.6875	0.130322022
1060.546875	0.0787134
1066.40625	0.136334122
1072.265625	0.089219318
1078.125	0.097953702
1083.984375	0.105654823
1089.84375	0.08115602
1095.703125	0.087823024
1101.5625	0.125645648
1107.421875	0.159840231
1113.28125	0.140319895
1119.140625	0.2345025
1125	0.129365595
1130.859375	0.078117283
1136.71875	0.126621336
1142.578125	0.150559747
1148.4375	0.08686438
1154.296875	0.130761543
1160.15625	0.142254859
1166.015625	0.149049924
1171.875	0.098231186
1177.734375	0.113247693
1183.59375	0.069932481
1189.453125	0.08119477
1195.3125	0.085842461
1201.171875	0.05905728
1207.03125	0.141786002
1212.890625	0.135580125
1218.75	0.101082326
1224.609375	0.091438826
1230.46875	0.13045918
1236.328125	0.129167092
1242.1875	0.161120392
1248.046875	0.097090113
1253.90625	0.135800057
1259.765625	0.094206272
1265.625	0.168266298
1271.484375	0.066261565
1277.34375	0.157389765
1283.203125	0.073090299
1289.0625	0.165365227
1294.921875	0.094823818
1300.78125	0.140279526
1306.640625	0.117664774
1312.5	0.141207392
1318.359375	0.145784522
1324.21875	0.056221374
1330.078125	0.079189862
1335.9375	0.093811556
1341.796875	0.163340064
1347.65625	0.132999106
1353.515625	0.104751819
1359.375	0.15243026
1365.234375	0.088605726
1371.09375	0.121395523
1376.953125	0.15547613
1382.8125	0.12626023
1388.671875	0.062720151
1394.53125	0.154309032
1400.390625	0.14632366
1406.25	0.184379386
1412.109375	0.1295818
1417.96875	0.150958665
1423.828125	0.151548107
1429.6875	0.116893713
1435.546875	0.11312022
1441.40625	0.141814752
1447.265625	0.164081083
1453.125	0.17478075
1458.984375	0.165428191
1464.84375	0.140089505
1470.703125	0.136667936
1476.5625	0.144742405
1482.421875	0.17408946
1488.28125	0.162696909
1494.140625	0.149808983
1500	0.176713956
1505.859375	0.204615435
1511.71875	0.154091546
1517.578125	0.158358947
1523.4375	0.217022351
1529.296875	0.172685241
1535.15625	0.187140767
1541.015625	0.190515229
1546.875	0.177297654
1552.734375	0.196998937
1558.59375	0.175265065
1564.453125	0.20245527
1570.3125	0.158338656
1576.171875	0.193838445
1582.03125	0.185025071
1587.890625	0.200981807
1593.75	0.204927865
1599.609375	0.201773426
1605.46875	0.242873297
1611.328125	0.224977885
1617.1875	0.172293844
1623.046875	0.209318951
1628.90625	0.219620978
1634.765625	0.246605605
1640.625	0.181866819
1646.484375	0.209825857
1652.34375	0.206596855
1658.203125	0.203529256
1664.0625	0.224471489
1669.921875	0.234540953
1675.78125	0.2552662
1681.640625	0.223678661
1687.5	0.205653909
1693.359375	0.290874743
1699.21875	0.281841956
1705.078125	0.274239864
1710.9375	0.325240897
1716.796875	0.277454732
1722.65625	0.327625946
1728.515625	0.300097529
1734.375	0.271502784
1740.234375	0.290008259
1746.09375	0.336598263
1751.953125	0.284843756
1757.8125	0.26892065
1763.671875	0.321465256
1769.53125	0.385096074
1775.390625	0.345911664
1781.25	0.275438181
1787.109375	0.350670172
1792.96875	0.396021425
1798.828125	0.355578704
1804.6875	0.375107379
1810.546875	0.410534532
1816.40625	0.347876153
1822.265625	0.428061696
1828.125	0.426365099
1833.984375	0.397961089
1839.84375	0.420756373
1845.703125	0.483920051
1851.5625	0.530008276
1857.421875	0.56776459
1863.28125	0.539349405
1869.140625	0.61400298
1875	0.6164735
1880.859375	0.680964839
1886.71875	0.663880598
1892.578125	0.681463529
1898.4375	0.733942859
1904.296875	0.753648751
1910.15625	0.849946355
1916.015625	0.950403483
1921.875	0.992127606
1927.734375	1.045200325
1933.59375	1.181888382
1939.453125	1.297250718
1945.3125	1.554059795
1951.171875	1.7036299
1957.03125	2.04259058
1962.890625	2.475132939
1968.75	3.157591271
1974.609375	4.380735128
1980.46875	7.661458451
1986.328125	30.80246464
1992.1875	19.36878724
1998.046875	6.766616318
2003.90625	4.12935765
2009.765625	2.825085063
2015.625	2.198411174
2021.484375	1.779623204
2027.34375	1.493269299
2033.203125	1.317396738
2039.0625	1.148430551
2044.921875	0.992466331
2050.78125	1.028472362
2056.640625	0.948459897
2062.5	0.878369386
2068.359375	0.775665581
2074.21875	0.732295383
2080.078125	0.635832003
2085.9375	0.610149205
2091.796875	0.537028037
2097.65625	0.597716594
2103.515625	0.514523083
2109.375	0.477536139
2115.234375	0.501319049
2121.09375	0.50502117
2126.953125	0.403366179
2132.8125	0.425514472
2138.671875	0.398544639
2144.53125	0.360816552
2150.390625	0.41235032
2156.25	0.349805062
2162.109375	0.402357917
2167.96875	0.403692661
2173.828125	0.353680687
2179.6875	0.348781767
2185.546875	0.337265825
2191.40625	0.351391183
2197.265625	0.302284041
2203.125	0.300556524
2208.984375	0.281321797
2214.84375	0.28834156
2220.703125	0.298943286
2226.5625	0.240984723
2232.421875	0.304450239
2238.28125	0.275138369
2244.140625	0.219897035
2250	0.232132409
2255.859375	0.22599945
2261.71875	0.220539209
2267.578125	0.211978626
2273.4375	0.217672641
2279.296875	0.244928099
2285.15625	0.245969139
2291.015625	0.22784478
2296.875	0.21991921
2302.734375	0.211759051
2308.59375	0.185831728
2314.453125	0.176427718
2320.3125	0.166614944
2326.171875	0.151882458
2332.03125	0.166465154
2337.890625	0.195249383
2343.75	0.17615865
2349.609375	0.170196248
2355.46875	0.168781245
2361.328125	0.183490205
2367.1875	0.132342183
2373.046875	0.185029056
2378.90625	0.144236692
2384.765625	0.128547023
2390.625	0.14847985
2396.484375	0.133843789
2402.34375	0.087513897
2408.203125	0.100071747
2414.0625	0.129842644
2419.921875	0.148414629
2425.78125	0.150178284
2431.640625	0.151023883
2437.5	0.134042993
2443.359375	0.11108019
2449.21875	0.157715719
2455.078125	0.119365015
2460.9375	0.129069378
2466.796875	0.094082142
2472.65625	0.12365994
2478.515625	0.10953521
2484.375	0.153219388
2490.234375	0.100860898
2496.09375	0.093476846
2501.953125	0.080665812
2507.8125	0.111978956
2513.671875	0.071732799
2519.53125	0.067099653
2525.390625	0.122767559
2531.25	0.130831485
2537.109375	0.115984216
2542.96875	0.130026105
2548.828125	0.071731569
2554.6875	0.098576748
2560.546875	0.111783718
2566.40625	0.134008166
2572.265625	0.099727842
2578.125	0.105390967
2583.984375	0.101122172
2589.84375	0.059843572
2595.703125	0.08257265
2601.5625	0.094950185
2607.421875	0.088952134
2613.28125	0.043047438
2619.140625	0.072721645
2625	0.103227248
2630.859375	0.145669904
2636.71875	0.127195648
2642.578125	0.095317547
2648.4375	0.113572611
2654.296875	0.079557975
2660.15625	0.090379183
2666.015625	0.071912007
2671.875	0.077704297
2677.734375	0.066618582
2683.59375	0.076524248
2689.453125	0.071471691
2695.3125	0.068935624
2701.171875	0.066380799
2707.03125	0.085197487
2712.890625	0.070259368
2718.75	0.028220456
2724.609375	0.075984167
2730.46875	0.099024801
2736.328125	0.074025605
2742.1875	0.082668479
2748.046875	0.084895988
2753.90625	0.073002979
2759.765625	0.082336682
2765.625	0.073707304
2771.484375	0.053314152
2777.34375	0.076029425
2783.203125	0.061069702
2789.0625	0.048094849
2794.921875	0.076428105
2800.78125	0.054670996
2806.640625	0.049350635
2812.5	0.089784748
2818.359375	0.101960581
2824.21875	0.074706684
2830.078125	0.049967526
2835.9375	0.087520852
2841.796875	0.065096344
2847.65625	0.077409672
2853.515625	0.061109844
2859.375	0.063270106
2865.234375	0.100432999
2871.09375	0.09678882
2876.953125	0.070757363
2882.8125	0.100905059
2888.671875	0.079926926
2894.53125	0.084955512
2900.390625	0.058606597
2906.25	0.076332095
2912.109375	0.070097699
2917.96875	0.031350657
2923.828125	0.036973872
2929.6875	0.076759801
2935.546875	0.090244984
2941.40625	0.102124142
2947.265625	0.069328658
2953.125	0.054486286
2958.984375	0.067970223
2964.84375	0.070017894
2970.703125	0.057788405
2976.5625	0.097608414
2982.421875	0.088857988
2988.28125	0.070872841
2994.140625	0.075175865
3000	0.055790826
3005.859375	0.043243772
3011.71875	0.037458602
3017.578125	0.059242207
3023.4375	0.059772088
3029.296875	0.06541768
3035.15625	0.06866102
3041.015625	0.047332636
3046.875	0.073795746
3052.734375	0.082755026
3058.59375	0.065225435
3064.453125	0.064058795
3070.3125	0.082527643
3076.171875	0.069992376
3082.03125	0.050570289
3087.890625	0.055322194
3093.75	0.040406939
3099.609375	0.05257794
3105.46875	0.028974833
3111.328125	0.036993694
3117.1875	0.040804191
3123.046875	0.048417833
3128.90625	0.054462696
3134.765625	0.052431811
3140.625	0.050729139
3146.484375	0.054860514
3152.34375	0.0533089
3158.203125	0.065278621
3164.0625	0.062704267
3169.921875	0.066938119
3175.78125	0.045440309
3181.640625	0.050284618
3187.5	0.037826184
3193.359375	0.03391769
3199.21875	0.032817758
3205.078125	0.052976818
3210.9375	0.061953743
3216.796875	0.046007507
3222.65625	0.059105219
3228.515625	0.05969237
3234.375	0.026353718
3240.234375	0.041319016
3246.09375	0.066671052
3251.953125	0.048225314
3257.8125	0.045008513
3263.671875	0.061555631
3269.53125	0.047365424
3275.390625	0.058538321
3281.25	0.029269343
3287.109375	0.012332741
3292.96875	0.009503569
3298.828125	0.035714797
3304.6875	0.053720609
3310.546875	0.029057753
3316.40625	0.057468738
3322.265625	0.05760708
3328.125	0.047494629
3333.984375	0.029319181
3339.84375	0.031423403
3345.703125	0.041323609
3351.5625	0.032349418
3357.421875	0.046046403
3363.28125	0.035232585
3369.140625	0.026932201
3375	0.029537191
3380.859375	0.052724462
3386.71875	0.034397469
3392.578125	0.046245153
3398.4375	0.040829683
3404.296875	0.023120661
3410.15625	0.054941561
3416.015625	0.05782454
3421.875	0.057896649
3427.734375	0.036100346
3433.59375	0.016666746
3439.453125	0.052256146
3445.3125	0.047917667
3451.171875	0.047880172
3457.03125	0.031921029
3462.890625	0.022894867
3468.75	0.043026197
3474.609375	0.033863011
3480.46875	0.049315125
3486.328125	0.050015436
3492.1875	0.051612032
3498.046875	0.058582165
3503.90625	0.051511635
3509.765625	0.048296056
3515.625	0.043714828
3521.484375	0.055956676
3527.34375	0.048426842
3533.203125	0.053735264
3539.0625	0.043371912
3544.921875	0.042416347
3550.78125	0.051911241
3556.640625	0.069717799
3562.5	0.051798471
3568.359375	0.038560478
3574.21875	0.034670272
3580.078125	0.028802129
3585.9375	0.024507204
3591.796875	0.012342822
3597.65625	0.033288332
3603.515625	0.0377684
3609.375	0.014794648
3615.234375	0.055818595
3621.09375	0.016248242
3626.953125	0.032906965
3632.8125	0.045234901
3638.671875	0.052896598
3644.53125	0.041286622
3650.390625	0.056041251
3656.25	0.031950198
3662.109375	0.064844311
3667.96875	0.028825909
3673.828125	0.030396746
3679.6875	0.032222921
3685.546875	0.052058998
3691.40625	0.051037865
3697.265625	0.037703306
3703.125	0.039306323
3708.984375	0.038009589
3714.84375	0.033417456
3720.703125	0.046186426
3726.5625	0.028391971
3732.421875	0.038851483
3738.28125	0.033332388
3744.140625	0.0374292
3750	0.03427449
3755.859375	0.038099334
3761.71875	0.040971006
3767.578125	0.047715291
3773.4375	0.052396883
3779.296875	0.041974207
3785.15625	0.052718144
3791.015625	0.064595557
3796.875	0.036883348
3802.734375	0.043723564
3808.59375	0.040874242
3814.453125	0.033368528
3820.3125	0.035983834
3826.171875	0.045117654
3832.03125	0.04205755
3837.890625	0.027261642
3843.75	0.040261136
3849.609375	0.036739852
3855.46875	0.055486663
3861.328125	0.059172992
3867.1875	0.069790717
3873.046875	0.040146604
3878.90625	0.041130374
3884.765625	0.022739779
3890.625	0.044798492
3896.484375	0.052184356
3902.34375	0.038291672
3908.203125	0.054613633
3914.0625	0.046311758
3919.921875	0.041002643
3925.78125	0.049810674
3931.640625	0.061877212
3937.5	0.050849989
3943.359375	0.037380982
3949.21875	0.038227041
3955.078125	0.041643282
3960.9375	0.049758068
3966.796875	0.035290262
3972.65625	0.050567914
3978.515625	0.065605832
3984.375	0.045305319
3990.234375	0.03889375
3996.09375	0.050842548
4001.953125	0.054436621
4007.8125	0.051057612
4013.671875	0.05414376
4019.53125	0.045598448
4025.390625	0.057194809
4031.25	0.051597108
4037.109375	0.055864142
4042.96875	0.051538209
4048.828125	0.052375001
4054.6875	0.035341819
4060.546875	0.037796572
4066.40625	0.056094631
4072.265625	0.053138441
4078.125	0.02604203
4083.984375	0.073409324
4089.84375	0.042122124
4095.703125	0.050593734
4101.5625	0.049715532
4107.421875	0.062107943
4113.28125	0.060564612
4119.140625	0.050435059
4125	0.029721229
4130.859375	0.052277517
4136.71875	0.061164978
4142.578125	0.059681364
4148.4375	0.06974856
4154.296875	0.073875958
4160.15625	0.034029737
4166.015625	0.064391872
4171.875	0.052267167
4177.734375	0.067184741
4183.59375	0.056864874
4189.453125	0.055648951
4195.3125	0.046554276
4201.171875	0.064853198
4207.03125	0.045541143
4212.890625	0.06953675
4218.75	0.03609545
4224.609375	0.029626338
4230.46875	0.022100742
4236.328125	0.043427289
4242.1875	0.035273297
4248.046875	0.041201758
4253.90625	0.036737943
4259.765625	0.062858541
4265.625	0.078866268
4271.484375	0.087272412
4277.34375	0.067262035
4283.203125	0.037166186
4289.0625	0.019147087
4294.921875	0.053250082
4300.78125	0.039276529
4306.640625	0.044092468
4312.5	0.043057701
4318.359375	0.047524079
4324.21875	0.077150107
4330.078125	0.085018149
4335.9375	0.086363127
4341.796875	0.079702876
4347.65625	0.0998676
4353.515625	0.094893819
4359.375	0.088845002
4365.234375	0.089730496
4371.09375	0.090432299
4376.953125	0.077905862
4382.8125	0.094891222
4388.671875	0.088856346
4394.53125	0.101277053
4400.390625	0.095669008
4406.25	0.09057063
4412.109375	0.101974685
4417.96875	0.094032756
4423.828125	0.100520941
4429.6875	0.10768962
4435.546875	0.086373023
4441.40625	0.094356913
4447.265625	0.089551449
4453.125	0.100971731
4458.984375	0.100772169
4464.84375	0.097174991
4470.703125	0.112661183
4476.5625	0.106379125
4482.421875	0.105256371
4488.28125	0.113651351
4494.140625	0.093493985
4500	0.106145798
4505.859375	0.101446288
4511.71875	0.105197326
4517.578125	0.114588201
4523.4375	0.099536065
4529.296875	0.104202727
4535.15625	0.098738856
4541.015625	0.087438318
4546.875	0.107436546
4552.734375	0.095285422
4558.59375	0.090661596
4564.453125	0.07840875
4570.3125	0.103208424
4576.171875	0.086647768
4582.03125	0.123570416
4587.890625	0.128643021
4593.75	0.125910624
4599.609375	0.135692303
4605.46875	0.133323354
4611.328125	0.139939576
4617.1875	0.137507424
4623.046875	0.136795391
4628.90625	0.122363388
4634.765625	0.124936884
4640.625	0.125558557
4646.484375	0.129574289
4652.34375	0.129259605
4658.203125	0.141498613
4664.0625	0.14854404
4669.921875	0.158925711
4675.78125	0.134080882
4681.640625	0.14490189
4687.5	0.149043068
4693.359375	0.149157058
4699.21875	0.171282422
4705.078125	0.173662934
4710.9375	0.177418209
4716.796875	0.163624563
4722.65625	0.190598247
4728.515625	0.18386664
4734.375	0.184757838
4740.234375	0.196646204
4746.09375	0.190495705
4751.953125	0.190859246
4757.8125	0.199138789
4763.671875	0.207838246
4769.53125	0.219345183
4775.390625	0.232532641
4781.25	0.233573631
4787.109375	0.224401806
4792.96875	0.211212885
4798.828125	0.208612316
4804.6875	0.182046478
4810.546875	0.206671814
4816.40625	0.237286955
4822.265625	0.248145914
4828.125	0.265793167
4833.984375	0.277989841
4839.84375	0.294170207
4845.703125	0.316502551
4851.5625	0.312762401
4857.421875	0.340314119
4863.28125	0.371295186
4869.140625	0.390361731
4875	0.455142762
4880.859375	0.46983335
4886.71875	0.50040356
4892.578125	0.454345248
4898.4375	0.461346425
4904.296875	0.505934736
4910.15625	0.561874476
4916.015625	0.533951606
4921.875	0.641917805
4927.734375	0.781688246
4933.59375	0.911227095
4939.453125	0.965540068
4945.3125	1.022117828
4951.171875	1.150250012
4957.03125	1.264458038
4962.890625	1.458299263
4968.75	1.820984033
4974.609375	2.478700303
4980.46875	3.26746528
4986.328125	5.176252454
4992.1875	8.884591834
4998.046875	13.62468483
5003.90625	9.250614935
5009.765625	3.139997736
5015.625	1.555365183
5021.484375	1.395923884
5027.34375	1.226016041
5033.203125	1.005157526
5039.0625	0.974716865
5044.921875	0.931480896
5050.78125	0.784997876
5056.640625	0.691887007
5062.5	0.680526057
5068.359375	0.619099094
5074.21875	0.548080654
5080.078125	0.509319636
5085.9375	0.477099486
5091.796875	0.5105901
5097.65625	0.467606087
5103.515625	0.419493567
5109.375	0.39844435
5115.234375	0.338580537
5121.09375	0.336954
5126.953125	0.337134099
5132.8125	0.297896157
5138.671875	0.336361492
5144.53125	0.34142223
5150.390625	0.374224927
5156.25	0.332670076
5162.109375	0.294298934
5167.96875	0.269598784
5173.828125	0.264069641
5179.6875	0.241188715
5185.546875	0.235385439
5191.40625	0.24002468
5197.265625	0.244116372
5203.125	0.203574523
5208.984375	0.208090755
5214.84375	0.214265301
5220.703125	0.218266047
5226.5625	0.224759334
5232.421875	0.205552431
5238.28125	0.187079838
5244.140625	0.206994688
5250	0.186800097
5255.859375	0.140248452
5261.71875	0.164287353
5267.578125	0.168332783
5273.4375	0.162198465
5279.296875	0.171465294
5285.15625	0.184322712
5291.015625	0.169185645
5296.875	0.185654872
5302.734375	0.173179356
5308.59375	0.186435925
5314.453125	0.170891129
5320.3125	0.16877148
5326.171875	0.168075344
5332.03125	0.169720186
5337.890625	0.149969462
5343.75	0.154754049
5349.609375	0.149114329
5355.46875	0.126134105
5361.328125	0.111091538
5367.1875	0.113279923
5373.046875	0.142789648
5378.90625	0.132218093
5384.765625	0.127926111
5390.625	0.116223832
5396.484375	0.133327034
5402.34375	0.137612843
5408.203125	0.117491454
5414.0625	0.114675551
5419.921875	0.110227742
5425.78125	0.10107199
5431.640625	0.101545283
5437.5	0.102633466
5443.359375	0.087279383
5449.21875	0.098462103
5455.078125	0.112905239
5460.9375	0.125510372
5466.796875	0.113881677
5472.65625	0.126403481
5478.515625	0.093811856
5484.375	0.09766184
5490.234375	0.113491351
5496.09375	0.13143261
5501.953125	0.1257224
5507.8125	0.108253929
5513.671875	0.132220052
5519.53125	0.108822409
5525.390625	0.126909952
5531.25	0.140458651
5537.109375	0.10051086
5542.96875	0.107210518
5548.828125	0.2407414
5554.6875	0.259577165
5560.546875	0.138369785
5566.40625	0.087554946
5572.265625	0.060554142
5578.125	0.048194493
5583.984375	0.044181784
5589.84375	0.059999273
5595.703125	0.104176757
5601.5625	0.129907904
5607.421875	0.122517631
5613.28125	0.091436598
5619.140625	0.078380424
5625	0.062598643
5630.859375	0.063086167
5636.71875	0.058580196
5642.578125	0.070314127
5648.4375	0.066925324
5654.296875	0.072920908
5660.15625	0.065295815
5666.015625	0.078146612
5671.875	0.076224879
5677.734375	0.090665216
5683.59375	0.095202834
5689.453125	0.086120774
5695.3125	0.086691874
5701.171875	0.084851122
5707.03125	0.071833857
5712.890625	0.051844618
5718.75	0.04547089
5724.609375	0.064886191
5730.46875	0.067871006
5736.328125	0.06739349
5742.1875	0.058017273
5748.046875	0.065104501
5753.90625	0.065084709
5759.765625	0.064381217
5765.625	0.061289902
5771.484375	0.059137257
5777.34375	0.057333543
5783.203125	0.059326472
5789.0625	0.071093589
5794.921875	0.066712151
5800.78125	0.057459266
5806.640625	0.054848698
5812.5	0.061815532
5818.359375	0.077954372
5824.21875	0.058953453
5830.078125	0.057040096
5835.9375	0.050163895
5841.796875	0.063043298
5847.65625	0.057675195
5853.515625	0.074791193
5859.375	0.070239421
5865.234375	0.059240178
5871.09375	0.056340717
5876.953125	0.058483169
5882.8125	0.065875837
5888.671875	0.069140328
5894.53125	0.057443987
5900.390625	0.043986409
5906.25	0.039287663
5912.109375	0.053087289
5917.96875	0.064908719
5923.828125	0.046320854
5929.6875	0.056946452
5935.546875	0.058972298
5941.40625	0.046493108
5947.265625	0.050806438
5953.125	0.059454067
5958.984375	0.051044026
5964.84375	0.054212446
5970.703125	0.054741904
5976.5625	0.052352644
5982.421875	0.053678606
5988.28125	0.055150161
5994.140625	0.054316919
6000	0.067094922
6005.859375	0.049452332
6011.71875	0.048499625
6017.578125	0.042780099
6023.4375	0.042746525
6029.296875	0.05939694
6035.15625	0.062220335
6041.015625	0.046534169
6046.875	0.046317561
6052.734375	0.04653518
6058.59375	0.033951195
6064.453125	0.047136816
6070.3125	0.045952875
6076.171875	0.040476588
6082.03125	0.034384288
6087.890625	0.037490054
6093.75	0.038362268
6099.609375	0.045964373
6105.46875	0.046444911
6111.328125	0.045845951
6117.1875	0.049418485
6123.046875	0.051671045
6128.90625	0.028857385
6134.765625	0.031616835
6140.625	0.033632111
6146.484375	0.03764474
6152.34375	0.033804116
6158.203125	0.039798315
6164.0625	0.044188589
6169.921875	0.035532452
6175.78125	0.032204172
6181.640625	0.038130956
6187.5	0.036879516
6193.359375	0.045944576
6199.21875	0.031867672
6205.078125	0.034867243
6210.9375	0.035232689
6216.796875	0.037739567
6222.65625	0.039037753
6228.515625	0.027977564
6234.375	0.045496929
6240.234375	0.04380148
6246.09375	0.044294698
6251.953125	0.03494306
6257.8125	0.04161155
6263.671875	0.033817547
6269.53125	0.039337134
6275.390625	0.03601682
6281.25	0.033337043
6287.109375	0.032007879
6292.96875	0.0426313
6298.828125	0.035544613
6304.6875	0.030428527
6310.546875	0.025046381
6316.40625	0.027055328
6322.265625	0.039797573
6328.125	0.039254884
6333.984375	0.032619449
6339.84375	0.028212569
6345.703125	0.046246662
6351.5625	0.042668903
6357.421875	0.044295271
6363.28125	0.038095959
6369.140625	0.047020597
6375	0.042269367
6380.859375	0.051443752
6386.71875	0.049694224
6392.578125	0.047472789
6398.4375	0.050041294
6404.296875	0.035916273
6410.15625	0.035049877
6416.015625	0.032180422
6421.875	0.03988479
6427.734375	0.030583422
6433.59375	0.037569212
6439.453125	0.034724233
6445.3125	0.043918011
6451.171875	0.032884171
6457.03125	0.035525046
6462.890625	0.040489314
6468.75	0.045292564
6474.609375	0.038935501
6480.46875	0.030693776
6486.328125	0.027360785
6492.1875	0.029094242
6498.046875	0.043071415
6503.90625	0.044714808
6509.765625	0.038642849
6515.625	0.039604253
6521.484375	0.040122711
6527.34375	0.035880668
6533.203125	0.040922083
6539.0625	0.04184117
6544.921875	0.035259464
6550.78125	0.040689599
6556.640625	0.035028328
6562.5	0.035242332
6568.359375	0.034634527
6574.21875	0.042103732
6580.078125	0.043864072
6585.9375	0.042868503
6591.796875	0.028935375
6597.65625	0.03625971
6603.515625	0.023010338
6609.375	0.028784187
6615.234375	0.03446419
6621.09375	0.040524143
6626.953125	0.031744433
6632.8125	0.035675807
6638.671875	0.041565408
6644.53125	0.037015914
6650.390625	0.032584239
6656.25	0.028231023
6662.109375	0.032308284
6667.96875	0.036037695
6673.828125	0.028574252
6679.6875	0.031889109
6685.546875	0.01792974
6691.40625	0.034824621
6697.265625	0.029107483
6703.125	0.03020316
6708.984375	0.027583217
6714.84375	0.027289928
6720.703125	0.025674377
6726.5625	0.033495962
6732.421875	0.04102838
6738.28125	0.031571888
6744.140625	0.036002519
6750	0.030812053
6755.859375	0.028253285
6761.71875	0.026776122
6767.578125	0.032726266
6773.4375	0.03258726
6779.296875	0.031066787
6785.15625	0.033653898
6791.015625	0.030142147
6796.875	0.032761681
6802.734375	0.033385768
6808.59375	0.035755082
6814.453125	0.023674103
6820.3125	0.029469991
6826.171875	0.038722666
6832.03125	0.02539967
6837.890625	0.025221543
6843.75	0.032838228
6849.609375	0.031719167
6855.46875	0.021279728
6861.328125	0.034524435
6867.1875	0.018232011
6873.046875	0.022915003
6878.90625	0.028274574
6884.765625	0.018887691
6890.625	0.027415877
6896.484375	0.021262952
6902.34375	0.035058098
6908.203125	0.029969007
6914.0625	0.028580441
6919.921875	0.03471627
6925.78125	0.027244025
6931.640625	0.027379296
6937.5	0.033111971
6943.359375	0.013364015
6949.21875	0.026861846
6955.078125	0.023047118
6960.9375	0.025086733
6966.796875	0.026102038
6972.65625	0.023448906
6978.515625	0.028454511
6984.375	0.027634736
6990.234375	0.024261775
6996.09375	0.025461559
7001.953125	0.034767553
7007.8125	0.029066331
7013.671875	0.025782395
7019.53125	0.02558788
7025.390625	0.02497812
7031.25	0.023498776
7037.109375	0.026264819
7042.96875	0.025125992
7048.828125	0.025847447
7054.6875	0.018071263
7060.546875	0.021777995
7066.40625	0.020899907
7072.265625	0.021330038
7078.125	0.021704891
7083.984375	0.018755251
7089.84375	0.015321178
7095.703125	0.02528323
7101.5625	0.025092505
7107.421875	0.016464688
7113.28125	0.020789417
7119.140625	0.029817887
7125	0.024742617
7130.859375	0.022458941
7136.71875	0.031507479
7142.578125	0.028096098
7148.4375	0.020508331
7154.296875	0.019207386
7160.15625	0.022261104
7166.015625	0.019641431
7171.875	0.024252083
7177.734375	0.034782915
7183.59375	0.015759175
7189.453125	0.026630268
7195.3125	0.022816097
7201.171875	0.029135054
7207.03125	0.025964368
7212.890625	0.025368239
7218.75	0.020060814
7224.609375	0.033601331
7230.46875	0.029172893
7236.328125	0.027839716
7242.1875	0.023989342
7248.046875	0.033387868
7253.90625	0.023277331
7259.765625	0.024296721
7265.625	0.030361725
7271.484375	0.022745343
7277.34375	0.029171104
7283.203125	0.018600408
7289.0625	0.023506633
7294.921875	0.028536661
7300.78125	0.022202927
7306.640625	0.021207961
7312.5	0.025106303
7318.359375	0.02457671
7324.21875	0.016307819
7330.078125	0.023290112
7335.9375	0.017608882
7341.796875	0.025635375
7347.65625	0.018755078
7353.515625	0.019861982
7359.375	0.027677314
7365.234375	0.0242009
7371.09375	0.025423768
7376.953125	0.023655578
7382.8125	0.023703994
7388.671875	0.021218273
7394.53125	0.020892441
7400.390625	0.018567979
7406.25	0.02080912
7412.109375	0.022681475
7417.96875	0.020430248
7423.828125	0.027839576
7429.6875	0.023908825
7435.546875	0.021369916
7441.40625	0.024807829
7447.265625	0.01417593
7453.125	0.028911775
7458.984375	0.018259143
7464.84375	0.021061665
7470.703125	0.021325956
7476.5625	0.018846765
7482.421875	0.020408793
7488.28125	0.0218968
7494.140625	0.021110747
7500	0.01635832
7505.859375	0.021016799
7511.71875	0.024124857
7517.578125	0.022858938
7523.4375	0.021264291
7529.296875	0.021108419
7535.15625	0.021186216
7541.015625	0.022147269
7546.875	0.017639926
7552.734375	0.022360649
7558.59375	0.021328977
7564.453125	0.018480188
7570.3125	0.015683919
7576.171875	0.02084692
7582.03125	0.016526347
7587.890625	0.023624851
7593.75	0.022117251
7599.609375	0.021188575
7605.46875	0.025783036
7611.328125	0.020947021
7617.1875	0.01864274
7623.046875	0.009353646
7628.90625	0.018353739
7634.765625	0.015716408
7640.625	0.021282958
7646.484375	0.019334449
7652.34375	0.018065983
7658.203125	0.01742158
7664.0625	0.013551344
7669.921875	0.00963382
7675.78125	0.013514976
7681.640625	0.019694235
7687.5	0.013092928
7693.359375	0.016709347
7699.21875	0.021240124
7705.078125	0.025623799
7710.9375	0.021026594
7716.796875	0.017100352
7722.65625	0.012012153
7728.515625	0.014155578
7734.375	0.020531991
7740.234375	0.018982686
7746.09375	0.023544972
7751.953125	0.022202724
7757.8125	0.014935483
7763.671875	0.018282023
7769.53125	0.014702983
7775.390625	0.014213994
7781.25	0.018553845
7787.109375	0.015582157
7792.96875	0.015734833
7798.828125	0.01894138
7804.6875	0.01730457
7810.546875	0.022630726
7816.40625	0.019214803
7822.265625	0.014359328
7828.125	0.013541478
7833.984375	0.018643864
7839.84375	0.016308182
7845.703125	0.020911755
7851.5625	0.024286468
7857.421875	0.02312984
7863.28125	0.018690938
7869.140625	0.01420875
7875	0.017616847
7880.859375	0.017522421
7886.71875	0.015798056
7892.578125	0.01590257
7898.4375	0.013165173
7904.296875	0.020878107
7910.15625	0.015052505
7916.015625	0.014997166
7921.875	0.014766319
7927.734375	0.019625146
7933.59375	0.020199126
7939.453125	0.019288746
7945.3125	0.01912304
7951.171875	0.015562022
7957.03125	0.015271914
7962.890625	0.016576875
7968.75	0.014017058
7974.609375	0.016850621
7980.46875	0.020246103
7986.328125	0.016303534
7992.1875	0.012243292
7998.046875	0.015857834
8003.90625	0.016027438
8009.765625	0.01692038
8015.625	0.014432974
8021.484375	0.019462723
8027.34375	0.015442908
8033.203125	0.016858279
8039.0625	0.016937258
8044.921875	0.016853546
8050.78125	0.019259429
8056.640625	0.017884027
8062.5	0.012085177
8068.359375	0.018568057
8074.21875	0.011077674
8080.078125	0.017685204
8085.9375	0.013246212
8091.796875	0.01503899
8097.65625	0.018160444
8103.515625	0.019713384
8109.375	0.01876644
8115.234375	0.014306225
8121.09375	0.016527029
8126.953125	0.017675966
8132.8125	0.020435128
8138.671875	0.017041626
8144.53125	0.011659422
8150.390625	0.016601823
8156.25	0.016494632
8162.109375	0.020346862
8167.96875	0.019476942
8173.828125	0.017030896
8179.6875	0.016793793
8185.546875	0.015173459
8191.40625	0.015879861
8197.265625	0.014040944
8203.125	0.021799674
8208.984375	0.018530819
8214.84375	0.015197563
8220.703125	0.019353395
8226.5625	0.018344851
8232.421875	0.019261379
8238.28125	0.015950653
8244.140625	0.017695166
8250	0.015028323
8255.859375	0.018338735
8261.71875	0.015379723
8267.578125	0.014497283
8273.4375	0.014362525
8279.296875	0.011980489
8285.15625	0.015199916
8291.015625	0.016617468
8296.875	0.015023596
8302.734375	0.013533479
8308.59375	0.013257238
8314.453125	0.02104212
8320.3125	0.015823903
8326.171875	0.013408039
8332.03125	0.013237598
8337.890625	0.011598491
8343.75	0.020507431
8349.609375	0.021455545
8355.46875	0.022351058
8361.328125	0.015764318
8367.1875	0.023174639
8373.046875	0.020022848
8378.90625	0.017719997
8384.765625	0.01783273
8390.625	0.008108313
8396.484375	0.004502696
8402.34375	0.023763917
8408.203125	0.023531331
8414.0625	0.029800704
8419.921875	0.031912696
8425.78125	0.031223167
8431.640625	0.019727296
8437.5	0.002801487
8443.359375	0.013068399
8449.21875	0.018039209
8455.078125	0.024602756
8460.9375	0.025987599
8466.796875	0.024598892
8472.65625	0.017574831
8478.515625	0.02133984
8484.375	0.015835365
8490.234375	0.006497985
8496.09375	0.020111937
8501.953125	0.018532216
8507.8125	0.026329407
8513.671875	0.015313746
8519.53125	0.010916302
8525.390625	0.003156074
8531.25	0.002446905
8537.109375	0.01025229
8542.96875	0.012571331
8548.828125	0.011920582
8554.6875	0.015973053
8560.546875	0.017934997
8566.40625	0.017324385
8572.265625	0.017910786
8578.125	0.016895045
8583.984375	0.019619996
8589.84375	0.019672529
8595.703125	0.016353851
8601.5625	0.016477067
8607.421875	0.007997534
8613.28125	0.012693755
8619.140625	0.018572805
8625	0.019058773
8630.859375	0.021582843
8636.71875	0.027430384
8642.578125	0.028826497
8648.4375	0.027973376
8654.296875	0.02467403
8660.15625	0.021868338
8666.015625	0.017470734
8671.875	0.012408926
8677.734375	0.017210886
8683.59375	0.015267312
8689.453125	0.015560275
8695.3125	0.013222395
8701.171875	0.010785312
8707.03125	0.016784459
8712.890625	0.020038948
8718.75	0.01964618
8724.609375	0.016230198
8730.46875	0.025021193
8736.328125	0.016690495
8742.1875	0.020140937
8748.046875	0.013915133
8753.90625	0.014184101
8759.765625	0.018351653
8765.625	0.007040049
8771.484375	0.004387423
8777.34375	0.005592844
8783.203125	0.010040106
8789.0625	0.008941442
8794.921875	0.007417522
8800.78125	0.005209865
8806.640625	0.006703471
8812.5	0.007406584
8818.359375	0.006571606
8824.21875	0.008519043
8830.078125	0.012086655
8835.9375	0.009154629
8841.796875	0.01172257
8847.65625	0.015820812
8853.515625	0.012951633
8859.375	0.010985522
8865.234375	0.007099961
8871.09375	0.013395042
8876.953125	0.013876915
8882.8125	0.001511225
8888.671875	0.008287153
8894.53125	0.008624977
8900.390625	0.009995516
8906.25	0.009453584
8912.109375	0.009969432
8917.96875	0.018751503
8923.828125	0.019930379
8929.6875	0.031478761
8935.546875	0.049018664
8941.40625	0.060578707
8947.265625	0.090672427
8953.125	0.156444816
8958.984375	0.221863189
8964.84375	0.241655312
8970.703125	0.190422462
8976.5625	0.142764579
8982.421875	0.109791769
8988.28125	0.025107282
8994.140625	0.080302528
9000	0.074756445
9005.859375	0.07471584
9011.71875	0.051367897
9017.578125	0.048020668
9023.4375	0.054373241
9029.296875	0.04847106
9035.15625	0.048641381
9041.015625	0.046167551
9046.875	0.050600378
9052.734375	0.048363585
9058.59375	0.048880963
9064.453125	0.059288854
9070.3125	0.047007632
9076.171875	0.039667116
9082.03125	0.05238823
9087.890625	0.055410065
9093.75	0.05111517
9099.609375	0.056743959
9105.46875	0.058663675
9111.328125	0.067403273
9117.1875	0.068367861
9123.046875	0.07728592
9128.90625	0.063154671
9134.765625	0.043992262
9140.625	0.039554027
9146.484375	0.054516931
9152.34375	0.074646384
9158.203125	0.093102604
9164.0625	0.086153572
9169.921875	0.063278147
9175.78125	0.066939041
9181.640625	0.067099388
9187.5	0.047975847
9193.359375	0.06375703
9199.21875	0.03786179
9205.078125	0.0126598
9210.9375	0.008518128
9216.796875	0.042438726
9222.65625	0.063935216
9228.515625	0.060696274
9234.375	0.050785596
9240.234375	0.066746232
9246.09375	0.086181969
9251.953125	0.053300876
9257.8125	0.036736584
9263.671875	0.032447427
9269.53125	0.033902259
9275.390625	0.018578723
9281.25	0.023864296
9287.109375	0.040863797
9292.96875	0.048603373
9298.828125	0.038547001
9304.6875	0.03413615
9310.546875	0.011352034
9316.40625	0.009219056
9322.265625	0.013715654
9328.125	0.010168556
9333.984375	0.008231169
9339.84375	0.005077619
9345.703125	0.003026374
9351.5625	0.00927486
9357.421875	0.011755478
9363.28125	0.013351247
9369.140625	0.009261197
9375	0.007911227
9380.859375	0.012896964
9386.71875	0.011941725
9392.578125	0.008580338
9398.4375	0.013947342
9404.296875	0.023131711
9410.15625	0.014660914
9416.015625	0.012283435
9421.875	0.040579316
9427.734375	0.044528119
9433.59375	0.038954267
9439.453125	0.033702163
9445.3125	0.02411765
9451.171875	0.016634295
9457.03125	0.019899181
9462.890625	0.012215893
9468.75	0.014193429
9474.609375	0.013499344
9480.46875	0.007351661
9486.328125	0.01110335
9492.1875	0.012939869
9498.046875	0.011477256
9503.90625	0.003660941
9509.765625	0.009218067
9515.625	0.002352778
9521.484375	0.007267343
9527.34375	0.012164469
9533.203125	0.015581845
9539.0625	0.011093492
9544.921875	0.009863139
9550.78125	0.008212612
9556.640625	0.007794688
9562.5	0.012544481
9568.359375	0.004583372
9574.21875	0.003625138
9580.078125	0.00365496
9585.9375	0.008359685
9591.796875	0.007471832
9597.65625	0.00658159
9603.515625	0.011316347
9609.375	0.006797267
9615.234375	0.010388667
9621.09375	0.005632375
9626.953125	0.007943631
9632.8125	0.009892537
9638.671875	0.005770483
9644.53125	0.00522948
9650.390625	0.004729258
9656.25	0.012150363
9662.109375	0.007550278
9667.96875	0.004961515
9673.828125	0.007764886
9679.6875	0.014946259
9685.546875	0.013879973
9691.40625	0.008658057
9697.265625	0.008033041
9703.125	0.004976444
9708.984375	0.011034885
9714.84375	0.011914845
9720.703125	0.009870537
9726.5625	0.010656672
9732.421875	0.012992792
9738.28125	0.007712985
9744.140625	0.007891556
9750	0.011394015
9755.859375	0.004666534
9761.71875	0.006057078
9767.578125	0.002811204
9773.4375	0.007482301
9779.296875	0.011369887
9785.15625	0.019635179
9791.015625	0.022521817
9796.875	0.018747902
9802.734375	0.016012361
9808.59375	0.019723121
9814.453125	0.01013624
9820.3125	0.013073078
9826.171875	0.009042628
9832.03125	0.010323575
9837.890625	0.007225023
9843.75	0.011088895
9849.609375	0.009350276
9855.46875	0.009547846
9861.328125	0.014988202
9867.1875	0.007679506
9873.046875	0.013904612
9878.90625	0.013520385
9884.765625	0.015930257
9890.625	0.014022822
9896.484375	0.013031967
9902.34375	0.009257608
9908.203125	0.008082028
9914.0625	0.008008471
9919.921875	0.01752504
9925.78125	0.015257439
9931.640625	0.012928566
9937.5	0.012115683
9943.359375	0.011991458
9949.21875	0.015023416
9955.078125	0.020954033
9960.9375	0.024970227
9966.796875	0.023861844
9972.65625	0.016124846
9978.515625	0.011320063
9984.375	0.004579257
9990.234375	0.016970995
9996.09375	0.013247157
10001.95313	0.021690647
10007.8125	0.029208674
10013.67188	0.027503776
10019.53125	0.023256391
10025.39063	0.019817571
10031.25	0.012492556
10037.10938	0.012209509
10042.96875	0.009209958
10048.82813	0.008041185
10054.6875	0.006311226
10060.54688	0.008060465
10066.40625	0.008817144
10072.26563	0.00808662
10078.125	0.010651084
10083.98438	0.00977606
10089.84375	0.004973702
10095.70313	0.008981027
10101.5625	0.004257153
10107.42188	0.003788419
10113.28125	0.012570378
10119.14063	0.00871671
10125	0.010036724
10130.85938	0.008815135
10136.71875	0.006762077
10142.57813	0.005672765
10148.4375	0.005772688
10154.29688	0.006947442
10160.15625	0.00631697
10166.01563	0.007419053
10171.875	0.003890461
10177.73438	0.008708416
10183.59375	0.008790451
10189.45313	0.005298617
10195.3125	0.008936057
10201.17188	0.006823407
10207.03125	0.009641087
10212.89063	0.012884514
10218.75	0.015312555
10224.60938	0.012597944
10230.46875	0.008659074
10236.32813	0.009062768
10242.1875	0.009287172
10248.04688	0.011347363
10253.90625	0.012916344
10259.76563	0.008538511
10265.625	0.009280754
10271.48438	0.008768617
10277.34375	0.008173992
10283.20313	0.007588375
10289.0625	0.007864379
10294.92188	0.009889444
10300.78125	0.007230344
10306.64063	0.00994106
10312.5	0.006881967
10318.35938	0.0103671
10324.21875	0.00855972
10330.07813	0.011788602
10335.9375	0.010572065
10341.79688	0.013740304
10347.65625	0.011235201
10353.51563	0.015099541
10359.375	0.012145501
10365.23438	0.009417268
10371.09375	0.01396388
10376.95313	0.011288233
10382.8125	0.013262319
10388.67188	0.007573738
10394.53125	0.00745308
10400.39063	0.008702785
10406.25	0.007839039
10412.10938	0.008436105
10417.96875	0.009202544
10423.82813	0.011795417
10429.6875	0.014016857
10435.54688	0.010977042
10441.40625	0.008569748
10447.26563	0.009116857
10453.125	0.009009038
10458.98438	0.010473503
10464.84375	0.013385018
10470.70313	0.015777179
10476.5625	0.010542327
10482.42188	0.007727962
10488.28125	0.010996656
10494.14063	0.01261621
10500	0.013936218
10505.85938	0.013550635
10511.71875	0.007400564
10517.57813	0.009986478
10523.4375	0.010273822
10529.29688	0.008400273
10535.15625	0.011021964
10541.01563	0.006567224
10546.875	0.009136244
10552.73438	0.008471174
10558.59375	0.009137553
10564.45313	0.007959981
10570.3125	0.01164036
10576.17188	0.010822079
10582.03125	0.008677755
10587.89063	0.010106037
10593.75	0.007972048
10599.60938	0.006898162
10605.46875	0.00914798
10611.32813	0.012649067
10617.1875	0.012201331
10623.04688	0.009722044
10628.90625	0.010894943
10634.76563	0.008932642
10640.625	0.010498804
10646.48438	0.010017995
10652.34375	0.010327724
10658.20313	0.007698434
10664.0625	0.010424112
10669.92188	0.009096922
10675.78125	0.010467228
10681.64063	0.007897293
10687.5	0.009913978
10693.35938	0.011946224
10699.21875	0.009051107
10705.07813	0.006277836
10710.9375	0.007134128
10716.79688	0.009640935
10722.65625	0.013388565
10728.51563	0.00660901
10734.375	0.008977118
10740.23438	0.008857726
10746.09375	0.006873156
10751.95313	0.011475519
10757.8125	0.012452254
10763.67188	0.010182628
10769.53125	0.0081476
10775.39063	0.007895765
10781.25	0.005154769
10787.10938	0.010207573
10792.96875	0.004266066
10798.82813	0.008591384
10804.6875	0.002711131
10810.54688	0.009513848
10816.40625	0.012867159
10822.26563	0.010527786
10828.125	0.010053111
10833.98438	0.007041668
10839.84375	0.010410766
10845.70313	0.009735442
10851.5625	0.006491961
10857.42188	0.006830496
10863.28125	0.009012825
10869.14063	0.004499943
10875	0.009786437
10880.85938	0.008209571
10886.71875	0.007833782
10892.57813	0.008085552
10898.4375	0.006524782
10904.29688	0.008515713
10910.15625	0.007089379
10916.01563	0.006724798
10921.875	0.010918608
10927.73438	0.004942721
10933.59375	0.011564219
10939.45313	0.009404766
10945.3125	0.004359574
10951.17188	0.009288335
10957.03125	0.009088774
10962.89063	0.008096281
10968.75	0.009815735
10974.60938	0.009858069
10980.46875	0.009023877
10986.32813	0.008596086
10992.1875	0.008352179
10998.04688	0.009176361
11003.90625	0.008372003
11009.76563	0.00963962
11015.625	0.005595621
11021.48438	0.01099521
11027.34375	0.007322639
11033.20313	0.009429071
11039.0625	0.013011331
11044.92188	0.01000955
11050.78125	0.008656824
11056.64063	0.007986581
11062.5	0.007753822
11068.35938	0.006418491
11074.21875	0.009038934
11080.07813	0.007229678
11085.9375	0.010860463
11091.79688	0.00772276
11097.65625	0.0084917
11103.51563	0.008176609
11109.375	0.008487693
11115.23438	0.00915062
11121.09375	0.010381442
11126.95313	0.007785681
11132.8125	0.010614895
11138.67188	0.010121808
11144.53125	0.011403491
11150.39063	0.007103197
11156.25	0.007459985
11162.10938	0.003953512
11167.96875	0.009046601
11173.82813	0.006765251
11179.6875	0.008211237
11185.54688	0.007047157
11191.40625	0.00569305
11197.26563	0.008866231
11203.125	0.00805862
11208.98438	0.007913743
11214.84375	0.006931398
11220.70313	0.00983739
11226.5625	0.005343543
11232.42188	0.006488232
11238.28125	0.008710899
11244.14063	0.005251225
11250	0.006588261
11255.85938	0.008463133
11261.71875	0.006508551
11267.57813	0.013106401
11273.4375	0.010661014
11279.29688	0.009234301
11285.15625	0.006723089
11291.01563	0.009688517
11296.875	0.012176631
11302.73438	0.010394937
11308.59375	0.005985764
11314.45313	0.007886955
11320.3125	0.011160378
11326.17188	0.00826851
11332.03125	0.009882592
11337.89063	0.00835244
11343.75	0.006533045
11349.60938	0.005287227
11355.46875	0.005693991
11361.32813	0.005920933
11367.1875	0.011042725
11373.04688	0.009286156
11378.90625	0.008413522
11384.76563	0.007911465
11390.625	0.002090401
11396.48438	0.006193487
11402.34375	0.005654449
11408.20313	0.006676118
11414.0625	0.006731619
11419.92188	0.004594076
11425.78125	0.00784236
11431.64063	0.008461046
11437.5	0.01180126
11443.35938	0.00788719
11449.21875	0.006725467
11455.07813	0.006956475
11460.9375	0.011014566
11466.79688	0.005827301
11472.65625	0.008373466
11478.51563	0.005594816
11484.375	0.008362908
11490.23438	0.010041205
11496.09375	0.005835885
11501.95313	0.009229677
11507.8125	0.010280895
11513.67188	0.01020042
11519.53125	0.009095907
11525.39063	0.005758971
11531.25	0.006739848
11537.10938	0.006095895
11542.96875	0.008046362
11548.82813	0.007172937
11554.6875	0.010099934
11560.54688	0.006734988
11566.40625	0.004757311
11572.26563	0.008662112
11578.125	0.004362768
11583.98438	0.000597906
11589.84375	0.00556834
11595.70313	0.00873121
11601.5625	0.007042093
11607.42188	0.009758712
11613.28125	0.009528413
11619.14063	0.010137503
11625	0.006470858
11630.85938	0.008348494
11636.71875	0.010791951
11642.57813	0.007004694
11648.4375	0.003963232
11654.29688	0.005041023
11660.15625	0.004844313
11666.01563	0.0083341
11671.875	0.00303648
11677.73438	0.004681766
11683.59375	0.009232017
11689.45313	0.011335022
11695.3125	0.022947163
11701.17188	0.03288127
11707.03125	0.041433025
11712.89063	0.048360646
11718.75	0.034650819
11724.60938	0.020028119
11730.46875	0.017890435
11736.32813	0.011208214
11742.1875	0.009897726
11748.04688	0.012066675
11753.90625	0.010473964
11759.76563	0.005318064
11765.625	0.001595478
11771.48438	0.00424874
11777.34375	0.004103393
11783.20313	0.003334617
11789.0625	0.004599469
11794.92188	0.006280351
11800.78125	0.007398371
11806.64063	0.006491243
11812.5	0.006959306
11818.35938	0.007985171
11824.21875	0.00609215
11830.07813	0.002911604
11835.9375	0.022748082
11841.79688	0.016429967
11847.65625	0.011771043
11853.51563	0.013196507
11859.375	0.009217676
11865.23438	0.008055795
11871.09375	0.010265781
11876.95313	0.00866047
11882.8125	0.012836423
11888.67188	0.009556846
11894.53125	0.01244975
11900.39063	0.011191295
11906.25	0.009279444
11912.10938	0.01428223
11917.96875	0.011959383
11923.82813	0.009192894
11929.6875	0.010170485
11935.54688	0.005321863
11941.40625	0.033795095
11947.26563	0.042724992
11953.125	0.057872249
11958.98438	0.077565821
11964.84375	0.091114729
11970.70313	0.086723554
11976.5625	0.058862467
11982.42188	0.040581146
11988.28125	0.029507493
11994.14063	0.029927
12000	0.033766257
12005.85938	0.02462279
12011.71875	0.021541251
12017.57813	0.018034403
12023.4375	0.006492622
12029.29688	0.0152686
12035.15625	0.025030338
12041.01563	0.027038726
12046.875	0.021288578
12052.73438	0.022904794
12058.59375	0.019633364
12064.45313	0.018810018
12070.3125	0.011721258
12076.17188	0.013540403
12082.03125	0.016321772
12087.89063	0.013943325
12093.75	0.02054223
12099.60938	0.015476234
12105.46875	0.01016038
12111.32813	0.01199568
12117.1875	0.015455283
12123.04688	0.014377219
12128.90625	0.009905418
12134.76563	0.009433197
12140.625	0.010765133
12146.48438	0.009517046
12152.34375	0.012849191
12158.20313	0.014141342
12164.0625	0.018867946
12169.92188	0.023509991
12175.78125	0.025571533
12181.64063	0.015045298
12187.5	0.018496761
12193.35938	0.014925546
12199.21875	0.016261614
12205.07813	0.016593647
12210.9375	0.013717984
12216.79688	0.011226734
12222.65625	0.013492139
12228.51563	0.013230432
12234.375	0.012350906
12240.23438	0.007226584
12246.09375	0.008305543
12251.95313	0.007572935
12257.8125	0.006437179
12263.67188	0.010879418
12269.53125	0.010112031
12275.39063	0.011613507
12281.25	0.005732314
12287.10938	0.00879606
12292.96875	0.007142772
12298.82813	0.010959049
12304.6875	0.007398946
12310.54688	0.008208136
12316.40625	0.003968348
12322.26563	0.00608285
12328.125	0.007571159
12333.98438	0.004186152
12339.84375	0.004558554
12345.70313	0.004665004
12351.5625	0.004347841
12357.42188	0.006210677
12363.28125	0.011129278
12369.14063	0.010836098
12375	0.008610355
12380.85938	0.005069588
12386.71875	0.011289693
12392.57813	0.011829013
12398.4375	0.014040371
12404.29688	0.010182688
12410.15625	0.01052303
12416.01563	0.008541718
12421.875	0.013553051
12427.73438	0.009286473
12433.59375	0.01230813
12439.45313	0.016997912
12445.3125	0.016649257
12451.17188	0.010426865
12457.03125	0.010914712
12462.89063	0.010602247
12468.75	0.009043209
12474.60938	0.012749687
12480.46875	0.011350113
12486.32813	0.011036591
12492.1875	0.009484712
12498.04688	0.008661672
12503.90625	0.008478731
12509.76563	0.010682312
12515.625	0.013578186
12521.48438	0.007878829
12527.34375	0.012494495
12533.20313	0.009483817
12539.0625	0.007284407
12544.92188	0.007135829
12550.78125	0.008772077
12556.64063	0.006401831
12562.5	0.013646382
12568.35938	0.012116991
12574.21875	0.008480107
12580.07813	0.009402881
12585.9375	0.007718678
12591.79688	0.009539782
12597.65625	0.009636467
12603.51563	0.006767294
12609.375	0.005310805
12615.23438	0.011374902
12621.09375	0.006102074
12626.95313	0.009658853
12632.8125	0.012005923
12638.67188	0.013291973
12644.53125	0.00829545
12650.39063	0.009105611
12656.25	0.011011326
12662.10938	0.010222461
12667.96875	0.007751324
12673.82813	0.006336417
12679.6875	0.007937863
12685.54688	0.010093423
12691.40625	0.010788787
12697.26563	0.009376735
12703.125	0.007624694
12708.98438	0.007515504
12714.84375	0.006978333
12720.70313	0.010864265
12726.5625	0.009544638
12732.42188	0.008742122
12738.28125	0.006203189
12744.14063	0.006337962
12750	0.007458417
12755.85938	0.005338124
12761.71875	0.004896518
12767.57813	0.00541432
12773.4375	0.00650059
12779.29688	0.008504317
12785.15625	0.005347342
12791.01563	0.01013315
12796.875	0.009025819
12802.73438	0.010080354
12808.59375	0.008010997
12814.45313	0.007593013
12820.3125	0.009920352
12826.17188	0.009099705
12832.03125	0.006167453
12837.89063	0.009612618
12843.75	0.007722317
12849.60938	0.006788667
12855.46875	0.005764091
12861.32813	0.00665922
12867.1875	0.008362133
12873.04688	0.008304724
12878.90625	0.009715274
12884.76563	0.006139486
12890.625	0.0095264
12896.48438	0.00567444
12902.34375	0.009234688
12908.20313	0.003715216
12914.0625	0.007846814
12919.92188	0.009460525
12925.78125	0.009292069
12931.64063	0.009910064
12937.5	0.008787673
12943.35938	0.00924105
12949.21875	0.009833657
12955.07813	0.00854302
12960.9375	0.010477135
12966.79688	0.010968274
12972.65625	0.010231832
12978.51563	0.007313255
12984.375	0.009288058
12990.23438	0.00809106
12996.09375	0.014262305
13001.95313	0.006116454
13007.8125	0.010016853
13013.67188	0.008097914
13019.53125	0.005274366
13025.39063	0.007196862
13031.25	0.00921919
13037.10938	0.008887157
13042.96875	0.008926866
13048.82813	0.007404348
13054.6875	0.007553052
13060.54688	0.008214472
13066.40625	0.007466178
13072.26563	0.012958273
13078.125	0.006228744
13083.98438	0.010533007
13089.84375	0.008291457
13095.70313	0.009700366
13101.5625	0.010391555
13107.42188	0.009633012
13113.28125	0.010918515
13119.14063	0.00544757
13125	0.007448667
13130.85938	0.007000649
13136.71875	0.00770337
13142.57813	0.007443463
13148.4375	0.008228578
13154.29688	0.007924324
13160.15625	0.007883478
13166.01563	0.011442685
13171.875	0.007846685
13177.73438	0.007421856
13183.59375	0.007802074
13189.45313	0.006820609
13195.3125	0.010503352
13201.17188	0.011574107
13207.03125	0.008209746
13212.89063	0.008635449
13218.75	0.005191113
13224.60938	0.006737148
13230.46875	0.006568414
13236.32813	0.007135729
13242.1875	0.00721992
13248.04688	0.004299039
13253.90625	0.008110458
13259.76563	0.008539688
13265.625	0.006935263
13271.48438	0.00850525
13277.34375	0.0100137
13283.20313	0.00596589
13289.0625	0.0047557
13294.92188	0.008305092
13300.78125	0.006477044
13306.64063	0.011643165
13312.5	0.005667665
13318.35938	0.006963186
13324.21875	0.007004981
13330.07813	0.009230869
13335.9375	0.00628648
13341.79688	0.007025116
13347.65625	0.011028188
13353.51563	0.010382326
13359.375	0.008765488
13365.23438	0.007539321
13371.09375	0.008623784
13376.95313	0.012126022
13382.8125	0.009731118
13388.67188	0.011537255
13394.53125	0.011646634
13400.39063	0.005051656
13406.25	0.009356749
13412.10938	0.010626284
13417.96875	0.003923125
13423.82813	0.007636203
13429.6875	0.008254056
13435.54688	0.009338703
13441.40625	0.008606951
13447.26563	0.004942271
13453.125	0.008362132
13458.98438	0.005571651
13464.84375	0.006609445
13470.70313	0.004793838
13476.5625	0.007359023
13482.42188	0.007353563
13488.28125	0.003500527
13494.14063	0.009295771
13500	0.009271979
13505.85938	0.008386638
13511.71875	0.007341888
13517.57813	0.007947822
13523.4375	0.008866812
13529.29688	0.010187773
13535.15625	0.008114831
13541.01563	0.008064758
13546.875	0.007017059
13552.73438	0.009515909
13558.59375	0.004665432
13564.45313	0.007879986
13570.3125	0.007758329
13576.17188	0.003990726
13582.03125	0.006367951
13587.89063	0.005068002
13593.75	0.006234654
13599.60938	0.00805906
13605.46875	0.005345234
13611.32813	0.010717425
13617.1875	0.008023614
13623.04688	0.007522618
13628.90625	0.008312179
13634.76563	0.008463965
13640.625	0.007994531
13646.48438	0.008305972
13652.34375	0.008039523
13658.20313	0.009755414
13664.0625	0.005498674
13669.92188	0.008081419
13675.78125	0.008743578
13681.64063	0.008708801
13687.5	0.008382304
13693.35938	0.00461517
13699.21875	0.007587711
13705.07813	0.006184219
13710.9375	0.008430196
13716.79688	0.009664843
13722.65625	0.005187267
13728.51563	0.002876743
13734.375	0.006039734
13740.23438	0.008922413
13746.09375	0.007961252
13751.95313	0.008839133
13757.8125	0.009196104
13763.67188	0.007904404
13769.53125	0.007212292
13775.39063	0.008655264
13781.25	0.006750046
13787.10938	0.008767466
13792.96875	0.005076085
13798.82813	0.007904004
13804.6875	0.006564258
13810.54688	0.004509228
13816.40625	0.006383296
13822.26563	0.008819662
13828.125	0.007735325
13833.98438	0.007666135
13839.84375	0.005828291
13845.70313	0.008931235
13851.5625	0.005813403
13857.42188	0.009330562
13863.28125	0.005601135
13869.14063	0.006165478
13875	0.005536446
13880.85938	0.006255258
13886.71875	0.005761442
13892.57813	0.007127716
13898.4375	0.007016293
13904.29688	0.005853335
13910.15625	0.007890833
13916.01563	0.006283811
13921.875	0.006327744
13927.73438	0.004969507
13933.59375	0.00651616
13939.45313	0.00448201
13945.3125	0.008165479
13951.17188	0.005674964
13957.03125	0.008425302
13962.89063	0.010345099
13968.75	0.009035329
13974.60938	0.01103657
13980.46875	0.009870515
13986.32813	0.006810318
13992.1875	0.006271599
13998.04688	0.012160153
14003.90625	0.009277231
14009.76563	0.011464778
14015.625	0.016975572
14021.48438	0.013184862
14027.34375	0.01172037
14033.20313	0.015919223
14039.0625	0.013038759
14044.92188	0.011304316
14050.78125	0.009928541
14056.64063	0.009038249
14062.5	0.008019162
14068.35938	0.009768932
14074.21875	0.008593025
14080.07813	0.005607191
14085.9375	0.009754391
14091.79688	0.008057606
14097.65625	0.007280308
14103.51563	0.006997322
14109.375	0.003877622
14115.23438	0.011812667
14121.09375	0.014645234
14126.95313	0.006379962
14132.8125	0.009648353
14138.67188	0.008413889
14144.53125	0.014687255
14150.39063	0.007336647
14156.25	0.010002863
14162.10938	0.009175255
14167.96875	0.007474028
14173.82813	0.008842697
14179.6875	0.008842499
14185.54688	0.005782377
14191.40625	0.00556398
14197.26563	0.006275701
14203.125	0.006268897
14208.98438	0.007457849
14214.84375	0.005376532
14220.70313	0.004645466
14226.5625	0.006423982
14232.42188	0.010411067
14238.28125	0.005431887
14244.14063	0.009356824
14250	0.0093176
14255.85938	0.006422359
14261.71875	0.006252298
14267.57813	0.005522729
14273.4375	0.004676124
14279.29688	0.006101974
14285.15625	0.007084501
14291.01563	0.004548207
14296.875	0.00408628
14302.73438	0.009709436
14308.59375	0.008832697
14314.45313	0.003323848
14320.3125	0.000911117
14326.17188	0.006641596
14332.03125	0.006977637
14337.89063	0.005118002
14343.75	0.015374594
14349.60938	0.021612865
14355.46875	0.034634457
14361.32813	0.044420427
14367.1875	0.043830239
14373.04688	0.030075896
14378.90625	0.026565456
14384.76563	0.0170586
14390.625	0.019435823
14396.48438	0.015932724
14402.34375	0.015392047
14408.20313	0.008245438
14414.0625	0.016961014
14419.92188	0.007177615
14425.78125	0.011060868
14431.64063	0.004824502
14437.5	0.004861209
14443.35938	0.005790224
14449.21875	0.008619057
14455.07813	0.008421308
14460.9375	0.004193414
14466.79688	0.009732397
14472.65625	0.007333574
14478.51563	0.011042265
14484.375	0.009494523
14490.23438	0.013442689
14496.09375	0.006610112
14501.95313	0.004087054
14507.8125	0.006329064
14513.67188	0.011886956
14519.53125	0.013092476
14525.39063	0.007077238
14531.25	0.00519885
14537.10938	0.013182134
14542.96875	0.013924484
14548.82813	0.008192549
14554.6875	0.005846535
14560.54688	0.011668496
14566.40625	0.007895004
14572.26563	0.004957932
14578.125	0.007010295
14583.98438	0.019086046
14589.84375	0.011823958
14595.70313	0.012332535
14601.5625	0.010670633
14607.42188	0.007639471
14613.28125	0.006035616
14619.14063	0.00993485
14625	0.004884076
14630.85938	0.00816923
14636.71875	0.0099804
14642.57813	0.016499853
14648.4375	0.004799943
14654.29688	0.016349171
14660.15625	0.005171904
14666.01563	0.010749712
14671.875	0.006418856
14677.73438	0.005062044
14683.59375	0.011956026
14689.45313	0.003230743
14695.3125	0.010078097
14701.17188	0.018077133
14707.03125	0.008586202
14712.89063	0.011869231
14718.75	0.006537446
14724.60938	0.004073895
14730.46875	0.00614643
14736.32813	0.002793922
14742.1875	0.003162465
14748.04688	0.009057084
14753.90625	0.00629111
14759.76563	0.001251635
14765.625	0.004328829
14771.48438	0.005112755
14777.34375	0.004830708
14783.20313	0.012112995
14789.0625	0.010167083
14794.92188	0.002440297
14800.78125	0.004519145
14806.64063	0.014564203
14812.5	0.019746582
14818.35938	0.0075257
14824.21875	0.007612112
14830.07813	0.011102432
14835.9375	0.016039401
14841.79688	0.015527286
14847.65625	0.015431085
14853.51563	0.010032047
14859.375	0.002409524
14865.23438	0.01259381
14871.09375	0.006660744
14876.95313	0.017056787
14882.8125	0.023408964
14888.67188	0.013086235
14894.53125	0.023103257
14900.39063	0.016858818
14906.25	0.00540197
14912.10938	0.008725927
14917.96875	0.009267699
14923.82813	0.033904865
14929.6875	0.0463988
14935.54688	0.029577324
14941.40625	0.020014785
14947.26563	0.017042116
14953.125	0.009597452
14958.98438	0.01975084
14964.84375	0.008691003
14970.70313	0.011153078
14976.5625	0.019850596
14982.42188	0.011902297
14988.28125	0.008443994
14994.14063	0.008494562
15000	0.009593292
15005.85938	0.009387297
15011.71875	0.015453397
15017.57813	0.01414511
15023.4375	0.007704847
15029.29688	0.010045699
15035.15625	0.005092273
15041.01563	0.008286021
15046.875	0.017953733
15052.73438	0.007309891
15058.59375	0.006565648
15064.45313	0.006994112
15070.3125	0.001849981
15076.17188	0.009296626
15082.03125	0.015346232
15087.89063	0.017644326
15093.75	0.015012752
15099.60938	0.004395184
15105.46875	0.006528945
15111.32813	0.014512647
15117.1875	0.011754439
15123.04688	0.012587209
15128.90625	0.021461404
15134.76563	0.01472739
15140.625	0.010098021
15146.48438	0.011676428
15152.34375	0.011035329
15158.20313	0.003711431
15164.0625	0.014305099
15169.92188	0.002646148
15175.78125	0.012639875
15181.64063	0.007136321
15187.5	0.009933752
15193.35938	0.011867832
15199.21875	0.004587739
15205.07813	0.013696901
15210.9375	0.007229121
15216.79688	0.014446974
15222.65625	0.017809165
15228.51563	0.013358014
15234.375	0.01247173
15240.23438	0.021216254
15246.09375	0.020912919
15251.95313	0.015191884
15257.8125	0.011966519
15263.67188	0.018262281
15269.53125	0.010856018
15275.39063	0.021553
15281.25	0.009278913
15287.10938	0.013722599
15292.96875	0.01463876
15298.82813	0.005468485
15304.6875	0.012183179
15310.54688	0.003483156
15316.40625	0.008377654
15322.26563	0.023097184
15328.125	0.003258913
15333.98438	0.010267994
15339.84375	0.010747858
15345.70313	0.009196762
15351.5625	0.00898387
15357.42188	0.015372897
15363.28125	0.009032637
15369.14063	0.003507548
15375	0.006526733
15380.85938	0.014306524
15386.71875	0.012153357
15392.57813	0.008284382
15398.4375	0.004381308
15404.29688	0.005878008
15410.15625	0.007263332
15416.01563	0.005875344
15421.875	0.010503901
15427.73438	0.009133395
15433.59375	0.013294895
15439.45313	0.011197682
15445.3125	0.017252794
15451.17188	0.011894065
15457.03125	0.017345742
15462.89063	0.010319995
15468.75	0.031007393
15474.60938	0.007127391
15480.46875	0.010634244
15486.32813	0.008322047
15492.1875	0.002901629
15498.04688	0.005825274
15503.90625	0.019191907
15509.76563	0.007010992
15515.625	0.003197841
15521.48438	0.001933113
15527.34375	0.007407965
15533.20313	0.01933206
15539.0625	0.010801805
15544.92188	0.006152411
15550.78125	0.008906404
15556.64063	0.008402223
15562.5	0.003272005
15568.35938	0.012951817
15574.21875	0.008397992
15580.07813	0.006338128
15585.9375	0.021892438
15591.79688	0.005006312
15597.65625	0.014984802
15603.51563	0.017653121
15609.375	0.010055074
15615.23438	0.007483425
15621.09375	0.006102678
15626.95313	0.013715981
15632.8125	0.009164086
15638.67188	0.008230132
15644.53125	0.006077593
15650.39063	0.008905393
15656.25	0.010705067
15662.10938	0.011205607
15667.96875	0.0094681
15673.82813	0.012082695
15679.6875	0.006850855
15685.54688	0.01181443
15691.40625	0.004729021
15697.26563	0.009228449
15703.125	0.010736019
15708.98438	0.010240372
15714.84375	0.01196155
15720.70313	0.014237376
15726.5625	0.003125144
15732.42188	0.014522888
15738.28125	0.016106586
15744.14063	0.007552792
15750	0.007890981
15755.85938	0.007587067
15761.71875	0.007783753
15767.57813	0.0079336
15773.4375	0.011261536
15779.29688	0.01373549
15785.15625	0.017413829
15791.01563	0.002929928
15796.875	0.019730278
15802.73438	0.006835567
15808.59375	0.023494204
15814.45313	0.017774254
15820.3125	0.009055437
15826.17188	0.012692891
15832.03125	0.013535616
15837.89063	0.016310356
15843.75	0.018240435
15849.60938	0.009494896
15855.46875	0.00792971
15861.32813	0.012217236
15867.1875	0.022628013
15873.04688	0.013103058
15878.90625	0.011003632
15884.76563	0.013793771
15890.625	0.008568354
15896.48438	0.002829919
15902.34375	0.015534389
15908.20313	0.021851328
15914.0625	0.012209989
15919.92188	0.003470493
15925.78125	0.020136461
15931.64063	0.014873503
15937.5	0.012365889
15943.35938	0.035924376
15949.21875	0.025560607
15955.07813	0.014694017
15960.9375	0.005320954
15966.79688	0.009426621
15972.65625	0.009740738
15978.51563	0.015094563
15984.375	0.009856497
15990.23438	0.008101676
15996.09375	0.017909178
16001.95313	0.015069196
16007.8125	0.017017067
16013.67188	0.011738105
16019.53125	0.008650958
16025.39063	0.005723838
16031.25	0.008345922
16037.10938	0.010163049
16042.96875	0.010583075
16048.82813	0.007896122
16054.6875	0.015492939
16060.54688	0.004610957
16066.40625	0.014946171
16072.26563	0.006652975
16078.125	0.018611298
16083.98438	0.00516256
16089.84375	0.014849652
16095.70313	0.00719628
16101.5625	0.016909345
16107.42188	0.020280887
16113.28125	0.008476794
16119.14063	0.013288843
16125	0.010253177
16130.85938	0.004475568
16136.71875	0.008613659
16142.57813	0.008308701
16148.4375	0.004494916
16154.29688	0.010402912
16160.15625	0.011149981
16166.01563	0.004567073
16171.875	0.003701577
16177.73438	0.012779383
16183.59375	0.012120867
16189.45313	0.013559575
16195.3125	0.011176248
16201.17188	0.009152004
16207.03125	0.009173861
16212.89063	0.00495276
16218.75	0.001569358
16224.60938	0.002253382
16230.46875	0.006750759
16236.32813	0.014490918
16242.1875	0.008852992
16248.04688	0.018311403
16253.90625	0.014082899
16259.76563	0.013208264
16265.625	0.013425007
16271.48438	0.008977033
16277.34375	0.011327552
16283.20313	0.008371169
16289.0625	0.013865728
16294.92188	0.000293591
16300.78125	0.009731345
16306.64063	0.004362649
16312.5	0.007569504
16318.35938	0.013608077
16324.21875	0.002687023
16330.07813	0.006068645
16335.9375	0.008797918
16341.79688	0.003160478
16347.65625	0.010306599
16353.51563	0.008645226
16359.375	0.004402882
16365.23438	0.00576724
16371.09375	0.009159684
16376.95313	0.015457741
16382.8125	0.023358982
16388.67188	0.013310089
16394.53125	0.005432967
16400.39063	0.012848411
16406.25	0.008505971
16412.10938	0.004197763
16417.96875	0.00827739
16423.82813	0.002581424
16429.6875	0.012332913
16435.54688	0.009658183
16441.40625	0.002668175
16447.26563	0.011983751
16453.125	0.010252305
16458.98438	0.003316794
16464.84375	0.007009931
16470.70313	0.005324128
16476.5625	0.003370063
16482.42188	0.007989831
16488.28125	0.012274217
16494.14063	0.005929709
16500	0.010276554
16505.85938	0.004631992
16511.71875	0.008865148
16517.57813	0.009484824
16523.4375	0.012145439
16529.29688	0.017538862
16535.15625	0.010254859
16541.01563	0.014494167
16546.875	0.010086526
16552.73438	0.017074692
16558.59375	0.017600313
16564.45313	0.00786462
16570.3125	0.00990419
16576.17188	0.015134029
16582.03125	0.010717028
16587.89063	0.018363135
16593.75	0.004755691
16599.60938	0.005246309
16605.46875	0.004218453
16611.32813	0.007938975
16617.1875	0.009791692
16623.04688	0.002776958
16628.90625	0.007263248
16634.76563	0.003169684
16640.625	0.004705145
16646.48438	0.018645475
16652.34375	0.014079919
16658.20313	0.003764386
16664.0625	0.007057251
16669.92188	0.00990754
16675.78125	0.011714291
16681.64063	0.009376318
16687.5	0.00961344
16693.35938	0.012871721
16699.21875	0.005145201
16705.07813	0.013644606
16710.9375	0.017047367
16716.79688	0.00630012
16722.65625	0.007861477
16728.51563	0.019433419
16734.375	0.012442137
16740.23438	0.018338697
16746.09375	0.007755113
16751.95313	0.021848585
16757.8125	0.007236636
16763.67188	0.012495474
16769.53125	0.008228414
16775.39063	0.006862273
16781.25	0.00212679
16787.10938	0.006999146
16792.96875	0.009696119
16798.82813	0.004082038
16804.6875	0.00358534
16810.54688	0.014314301
16816.40625	0.011304331
16822.26563	0.01308038
16828.125	0.009541508
16833.98438	0.005165897
16839.84375	0.003523731
16845.70313	0.011013113
16851.5625	0.001559736
16857.42188	0.007543775
16863.28125	0.009391395
16869.14063	0.004964395
16875	0.01703963
16880.85938	0.014818103
16886.71875	0.01104751
16892.57813	0.014447737
16898.4375	0.011980969
16904.29688	0.013050391
16910.15625	0.014700762
16916.01563	0.015666651
16921.875	0.002282464
16927.73438	0.017074269
16933.59375	0.021952447
16939.45313	0.014138505
16945.3125	0.007361042
16951.17188	0.005254238
16957.03125	0.006453018
16962.89063	0.014525166
16968.75	0.002895289
16974.60938	0.014758059
16980.46875	0.011742013
16986.32813	0.017471444
16992.1875	0.031954073
16998.04688	0.0289147
17003.90625	0.021707436
17009.76563	0.031591725
17015.625	0.014344772
17021.48438	0.018545046
17027.34375	0.028420175
17033.20313	0.024508721
17039.0625	0.006282931
17044.92188	0.004774504
17050.78125	0.017884201
17056.64063	0.004060888
17062.5	0.027317225
17068.35938	0.013313061
17074.21875	0.005156629
17080.07813	0.013253646
17085.9375	0.004037694
17091.79688	0.008907999
17097.65625	0.007667611
17103.51563	0.007081952
17109.375	0.00800587
17115.23438	0.006540034
17121.09375	0.005365557
17126.95313	0.009000748
17132.8125	0.01507435
17138.67188	0.006500133
17144.53125	0.010692538
17150.39063	0.009818953
17156.25	0.016488592
17162.10938	0.004953238
17167.96875	0.007638314
17173.82813	0.014004778
17179.6875	0.00837002
17185.54688	0.030895713
17191.40625	0.005177174
17197.26563	0.011349987
17203.125	0.005460042
17208.98438	0.010138868
17214.84375	0.012742851
17220.70313	0.004724775
17226.5625	0.00244382
17232.42188	0.013704293
17238.28125	0.011315756
17244.14063	0.007706086
17250	0.004317895
17255.85938	0.010472019
17261.71875	0.014855142
17267.57813	0.012734862
17273.4375	0.005048133
17279.29688	0.013957628
17285.15625	0.014582757
17291.01563	0.003079194
17296.875	0.005248795
17302.73438	0.000620593
17308.59375	0.014369645
17314.45313	0.009854234
17320.3125	0.005796735
17326.17188	0.019271204
17332.03125	0.007511045
17337.89063	0.009761295
17343.75	0.015380709
17349.60938	0.002494929
17355.46875	0.010160802
17361.32813	0.019388061
17367.1875	0.005391436
17373.04688	0.017966094
17378.90625	0.009906732
17384.76563	0.016321576
17390.625	0.008808785
17396.48438	0.007337121
17402.34375	0.012753732
17408.20313	0.007446546
17414.0625	0.006905627
17419.92188	0.012683183
17425.78125	0.002830315
17431.64063	0.025050455
17437.5	0.01619748
17443.35938	0.010782833
17449.21875	0.006664752
17455.07813	0.013508995
17460.9375	0.008363117
17466.79688	0.010379097
17472.65625	0.0221052
17478.51563	0.007248719
17484.375	0.005744606
17490.23438	0.003892012
17496.09375	0.007463266
17501.95313	0.006574673
17507.8125	0.002679758
17513.67188	0.016941197
17519.53125	0.008093381
17525.39063	0.015671945
17531.25	0.020437149
17537.10938	0.006406487
17542.96875	0.011764417
17548.82813	0.016469614
17554.6875	0.013089209
17560.54688	0.007960042
17566.40625	0.009570519
17572.26563	0.018587274
17578.125	0.010074269
17583.98438	0.007244584
17589.84375	0.013733849
17595.70313	0.007154916
17601.5625	0.005911495
17607.42188	0.002932688
17613.28125	0.018343469
17619.14063	0.013918943
17625	0.005496843
17630.85938	0.018384469
17636.71875	0.003493441
17642.57813	0.012808922
17648.4375	0.015043514
17654.29688	0.01054595
17660.15625	0.015637261
17666.01563	0.00642921
17671.875	0.007673545
17677.73438	0.00649989
17683.59375	0.01086769
17689.45313	0.011608832
17695.3125	0.013366383
17701.17188	0.008769707
17707.03125	0.018192146
17712.89063	0.011830973
17718.75	0.009360524
17724.60938	0.011403869
17730.46875	0.018804242
17736.32813	0.009502282
17742.1875	0.00384333
17748.04688	0.014091113
17753.90625	0.003018766
17759.76563	0.002271286
17765.625	0.00246651
17771.48438	0.016781372
17777.34375	0.004490886
17783.20313	0.013764376
17789.0625	0.012840906
17794.92188	0.006172501
17800.78125	0.006239672
17806.64063	0.016082677
17812.5	0.002870393
17818.35938	0.00840352
17824.21875	0.013745539
17830.07813	0.01182206
17835.9375	0.005685252
17841.79688	0.005135385
17847.65625	0.013114095
17853.51563	0.01202947
17859.375	0.015726727
17865.23438	0.01463638
17871.09375	0.01916523
17876.95313	0.012902605
17882.8125	0.00600815
17888.67188	0.006234193
17894.53125	0.012370221
17900.39063	0.011643687
17906.25	0.006622925
17912.10938	0.006151151
17917.96875	0.007952542
17923.82813	0.009826386
17929.6875	0.01035834
17935.54688	0.007202139
17941.40625	0.002696875
17947.26563	0.015199268
17953.125	0.002579641
17958.98438	0.003471078
17964.84375	0.009276387
17970.70313	0.015565607
17976.5625	0.003709606
17982.42188	0.014898048
17988.28125	0.008317555
17994.14063	0.007149032
18000	0.000526305
18005.85938	0.003197492
18011.71875	0.011078444
18017.57813	0.008773054
18023.4375	0.010269474
18029.29688	0.005696839
18035.15625	0.00760426
18041.01563	0.006956676
18046.875	0.005284876
18052.73438	0.011535652
18058.59375	0.010480074
18064.45313	0.014460917
18070.3125	0.010269716
18076.17188	0.001613058
18082.03125	0.018161372
18087.89063	0.015699951
18093.75	0.0074098
18099.60938	0.00649207
18105.46875	0.00093805
18111.32813	0.020638447
18117.1875	0.003866987
18123.04688	0.012165005
18128.90625	0.010430505
18134.76563	0.005834831
18140.625	0.003739572
18146.48438	0.009264745
18152.34375	0.004999676
18158.20313	0.017346518
18164.0625	0.005097058
18169.92188	0.007040914
18175.78125	0.008380805
18181.64063	0.011036792
18187.5	0.001025835
18193.35938	0.01316527
18199.21875	0.011705006
18205.07813	0.005102236
18210.9375	0.008354507
18216.79688	0.007577942
18222.65625	0.008570161
18228.51563	0.004385428
18234.375	0.006495821
18240.23438	0.010637295
18246.09375	0.004842961
18251.95313	0.006651345
18257.8125	0.00947388
18263.67188	0.009447269
18269.53125	0.016419541
18275.39063	0.007513526
18281.25	0.008336369
18287.10938	0.006141533
18292.96875	0.008487558
18298.82813	0.010325533
18304.6875	0.009723525
18310.54688	0.017360278
18316.40625	0.016054855
18322.26563	0.003248904
18328.125	0.008931726
18333.98438	0.008868134
18339.84375	0.002818819
18345.70313	0.020061417
18351.5625	0.007814655
18357.42188	0.014514336
18363.28125	0.011579347
18369.14063	0.005063859
18375	0.00366356
18380.85938	0.014940561
18386.71875	0.002657334
18392.57813	0.007302419
18398.4375	0.002191779
18404.29688	0.003297621
18410.15625	0.010813533
18416.01563	0.010163142
18421.875	0.009702456
18427.73438	0.006009874
18433.59375	0.011190585
18439.45313	0.009456399
18445.3125	0.013177733
18451.17188	0.008003327
18457.03125	0.004704409
18462.89063	0.002925163
18468.75	0.014673039
18474.60938	0.015252041
18480.46875	0.011118395
18486.32813	0.019277344
18492.1875	0.007136726
18498.04688	0.004996121
18503.90625	0.005053259
18509.76563	0.002610763
18515.625	0.015079588
18521.48438	0.010808603
18527.34375	0.008731805
18533.20313	0.005281136
18539.0625	0.007376384
18544.92188	0.00180291
18550.78125	0.012641293
18556.64063	0.010434276
18562.5	0.009500294
18568.35938	0.012764362
18574.21875	0.0110528
18580.07813	0.007658063
18585.9375	0.006187032
18591.79688	0.005753987
18597.65625	0.003992725
18603.51563	0.007023411
18609.375	0.007513606
18615.23438	0.0100448
18621.09375	0.0202787
18626.95313	0.014973007
18632.8125	0.015253716
18638.67188	0.007945826
18644.53125	0.009314765
18650.39063	0.009545947
18656.25	0.009283827
18662.10938	0.007423477
18667.96875	0.009688547
18673.82813	0.001922267
18679.6875	0.018992815
18685.54688	0.012207516
18691.40625	0.015852612
18697.26563	0.014768845
18703.125	0.025372887
18708.98438	0.009010056
18714.84375	0.007869851
18720.70313	0.003192421
18726.5625	0.012473243
18732.42188	0.009637003
18738.28125	0.001844603
18744.14063	0.003984754
18750	0.005600388
18755.85938	0.014354768
18761.71875	0.002391866
18767.57813	0.014229815
18773.4375	0.0057846
18779.29688	0.010289132
18785.15625	0.008665614
18791.01563	0.017095302
18796.875	0.014518027
18802.73438	0.005433222
18808.59375	0.013976588
18814.45313	0.007108952
18820.3125	0.00642486
18826.17188	0.016893845
18832.03125	0.002238106
18837.89063	0.004225567
18843.75	0.009729337
18849.60938	0.010979335
18855.46875	0.006354829
18861.32813	0.001351798
18867.1875	0.001426203
18873.04688	0.015334846
18878.90625	0.011678746
18884.76563	0.019574461
18890.625	0.021911089
18896.48438	0.019326932
18902.34375	0.028375738
18908.20313	0.011179679
18914.0625	0.012665145
18919.92188	0.014422589
18925.78125	0.004598357
18931.64063	0.009643497
18937.5	0.019145579
18943.35938	0.008483423
18949.21875	0.010830577
18955.07813	0.006614413
18960.9375	0.011773318
18966.79688	0.008763543
18972.65625	0.008809078
18978.51563	0.006292575
18984.375	0.010327285
18990.23438	0.015464816
18996.09375	0.022906302
19001.95313	0.012108528
19007.8125	0.019584746
19013.67188	0.007762668
19019.53125	0.001697701
19025.39063	0.004869114
19031.25	0.011242881
19037.10938	0.019268512
19042.96875	0.015161238
19048.82813	0.005290314
19054.6875	0.015794364
19060.54688	0.004304031
19066.40625	0.007794075
19072.26563	0.00301016
19078.125	0.009650099
19083.98438	0.015487395
19089.84375	0.018029833
19095.70313	0.005000703
19101.5625	0.013034894
19107.42188	0.006529955
19113.28125	0.012572152
19119.14063	0.019074375
19125	0.009286451
19130.85938	0.014935085
19136.71875	0.002622142
19142.57813	0.008932092
19148.4375	0.010091609
19154.29688	0.002975323
19160.15625	0.003102007
19166.01563	0.02344857
19171.875	0.01082364
19177.73438	0.00369425
19183.59375	0.002263117
19189.45313	0.005267966
19195.3125	0.00616348
19201.17188	0.023708047
19207.03125	0.010963332
19212.89063	0.008302837
19218.75	0.01725722
19224.60938	0.005842157
19230.46875	0.008663301
19236.32813	0.022009078
19242.1875	0.018328285
19248.04688	0.008824242
19253.90625	0.007410847
19259.76563	0.005909442
19265.625	0.011781393
19271.48438	0.015177085
19277.34375	0.011455627
19283.20313	0.016697368
19289.0625	0.001695238
19294.92188	0.011994607
19300.78125	0.006945476
19306.64063	0.014679599
19312.5	0.006012288
19318.35938	0.010426788
19324.21875	0.006543149
19330.07813	0.000551912
19335.9375	0.010726577
19341.79688	0.015232617
19347.65625	0.023829065
19353.51563	0.003987371
19359.375	0.002093371
19365.23438	0.010915679
19371.09375	0.015173382
19376.95313	0.004602368
19382.8125	0.007340601
19388.67188	0.007005811
19394.53125	0.027268642
19400.39063	0.003276247
19406.25	0.008417269
19412.10938	0.002799459
19417.96875	0.009789979
19423.82813	0.011772231
19429.6875	0.000929394
19435.54688	0.003625954
19441.40625	0.006535516
19447.26563	0.000594254
19453.125	0.008546581
19458.98438	0.007820449
19464.84375	0.014848236
19470.70313	0.00770689
19476.5625	0.019670162
19482.42188	0.016631697
19488.28125	0.011361287
19494.14063	0.015689337
19500	0.006935952
19505.85938	0.010333897
19511.71875	0.011165007
19517.57813	0.020679462
19523.4375	0.004114777
19529.29688	0.001952126
19535.15625	0.014747029
19541.01563	0.005564288
19546.875	0.007093374
19552.73438	0.031713641
19558.59375	0.007763849
19564.45313	0.012002028
19570.3125	0.013116271
19576.17188	0.00847768
19582.03125	0.013755443
19587.89063	0.016826025
19593.75	0.003668029
19599.60938	0.011148002
19605.46875	0.005718207
19611.32813	0.01319464
19617.1875	0.012338531
19623.04688	0.014847585
19628.90625	0.005127442
19634.76563	0.010674432
19640.625	0.013458477
19646.48438	0.009998443
19652.34375	0.012586332
19658.20313	0.018281148
19664.0625	0.024004195
19669.92188	0.008503991
19675.78125	0.0103758
19681.64063	0.019134567
19687.5	0.008254645
19693.35938	0.017460457
19699.21875	0.026270522
19705.07813	0.008887236
19710.9375	0.012164693
19716.79688	0.011159452
19722.65625	0.017247651
19728.51563	0.001857061
19734.375	0.010907839
19740.23438	0.010508253
19746.09375	0.023694975
19751.95313	0.018796022
19757.8125	0.015015882
19763.67188	0.022087426
19769.53125	0.016015923
19775.39063	0.026885207
19781.25	0.019493626
19787.10938	0.008762857
19792.96875	0.025717395
19798.82813	0.018280267
19804.6875	0.032410864
19810.54688	0.006313605
19816.40625	0.013034525
19822.26563	0.016849915
19828.125	0.017000652
19833.98438	0.009261481
19839.84375	0.011183878
19845.70313	0.015008047
19851.5625	0.006291262
19857.42188	0.014493303
19863.28125	0.009055727
19869.14063	0.005168679
19875	0.011001711
19880.85938	0.002270713
19886.71875	0.002511436
19892.57813	0.011136926
19898.4375	0.00538446
19904.29688	0.014611142
19910.15625	0.007206396
19916.01563	0.013214335
19921.875	0.012549602
19927.73438	0.001243078
19933.59375	0.018142409
19939.45313	0.018368059
19945.3125	0.007964351
19951.17188	0.019626231
19957.03125	0.027197112
19962.89063	0.009286877
19968.75	0.004625728
19974.60938	0.021631537
19980.46875	0.019800867
19986.32813	0.006317013
19992.1875	0.003230349
19998.04688	0.005734741
20003.90625	0.013291401
20009.76563	0.025445715
20015.625	0.010975219
20021.48438	0.01835333
20027.34375	0.014912337
20033.20313	0.033140127
20039.0625	0.01079293
20044.92188	0.002249024
20050.78125	0.014852649
20056.64063	0.01979215
20062.5	0.012669989
20068.35938	0.020825907
20074.21875	0.011590252
20080.07813	0.009319517
20085.9375	0.017893097
20091.79688	0.017277797
20097.65625	0.011939467
20103.51563	0.003769742
20109.375	0.007805085
20115.23438	0.008656002
20121.09375	0.013001085
20126.95313	0.004311225
20132.8125	0.012703602
20138.67188	0.016179488
20144.53125	0.019797822
20150.39063	0.013600274
20156.25	0.003735383
20162.10938	0.023974317
20167.96875	0.013114674
20173.82813	0.010366289
20179.6875	0.01210625
20185.54688	0.014818443
20191.40625	0.011852799
20197.26563	0.014267017
20203.125	0.008869729
20208.98438	0.008339451
20214.84375	0.018144025
20220.70313	0.001880368
20226.5625	0.016549246
20232.42188	0.020398513
20238.28125	0.007274992
20244.14063	0.021669955
20250	0.009207997
20255.85938	0.012010392
20261.71875	0.018261439
20267.57813	0.021103713
20273.4375	0.013149018
20279.29688	0.017009563
20285.15625	0.020843627
20291.01563	0.023378686
20296.875	0.020433827
20302.73438	0.004385989
20308.59375	0.021645088
20314.45313	0.014432388
20320.3125	0.030325109
20326.17188	0.033316763
20332.03125	0.028228506
20337.89063	0.018040966
20343.75	0.013306588
20349.60938	0.014618333
20355.46875	0.018828206
20361.32813	0.036819504
20367.1875	0.055077606
20373.04688	0.066188389
20378.90625	0.072514134
20384.76563	0.072462536
20390.625	0.04896071
20396.48438	0.058039
20402.34375	0.055078914
20408.20313	0.045452878
20414.0625	0.036601116
20419.92188	0.015569393
20425.78125	0.016398415
20431.64063	0.007200108
20437.5	0.017295453
20443.35938	0.006355734
20449.21875	0.016669965
20455.07813	0.018691216
20460.9375	0.017614187
20466.79688	0.034731983
20472.65625	0.010284748
20478.51563	0.018800933
20484.375	0.009861351
20490.23438	0.012629801
20496.09375	0.014150052
20501.95313	0.006854452
20507.8125	0.011909356
20513.67188	0.002210462
20519.53125	0.009024025
20525.39063	0.007697809
20531.25	0.013041565
20537.10938	0.006382167
20542.96875	0.01269791
20548.82813	0.002676106
20554.6875	0.006086425
20560.54688	6.01679E-05
20566.40625	0.003339612
20572.26563	0.008598984
20578.125	0.021494884
20583.98438	0.002214941
20589.84375	0.002523814
20595.70313	0.014406827
20601.5625	0.01515372
20607.42188	0.009554887
20613.28125	0.015145375
20619.14063	0.004479982
20625	0.006829867
20630.85938	0.006866211
20636.71875	0.012001332
20642.57813	0.004606051
20648.4375	0.013382253
20654.29688	0.006649943
20660.15625	0.006738914
20666.01563	0.013163798
20671.875	0.005450167
20677.73438	0.010857946
20683.59375	0.011599038
20689.45313	0.01668352
20695.3125	0.010972861
20701.17188	0.001335486
20707.03125	0.010598724
20712.89063	0.014056185
20718.75	0.009165979
20724.60938	0.005287405
20730.46875	0.011150714
20736.32813	0.010167306
20742.1875	0.004175544
20748.04688	0.008454693
20753.90625	0.000492522
20759.76563	0.007450785
20765.625	0.004223237
20771.48438	0.015787163
20777.34375	0.005090461
20783.20313	0.002777349
20789.0625	0.019997868
20794.92188	0.011165353
20800.78125	0.019410411
20806.64063	0.001242467
20812.5	0.003091224
20818.35938	0.006997353
20824.21875	0.011599288
20830.07813	0.001889168
20835.9375	0.016868542
20841.79688	0.015128386
20847.65625	0.016312516
20853.51563	0.008730049
20859.375	0.005957523
20865.23438	0.008953371
20871.09375	0.009699258
20876.95313	0.006425867
20882.8125	0.002859563
20888.67188	0.010862012
20894.53125	0.012929185
20900.39063	0.007504368
20906.25	0.005559848
20912.10938	0.007390788
20917.96875	0.011102302
20923.82813	0.006401821
20929.6875	0.010610178
20935.54688	0.00868611
20941.40625	0.009357069
20947.26563	0.012656411
20953.125	0.005035132
20958.98438	0.008490223
20964.84375	0.005970664
20970.70313	0.006968118
20976.5625	0.010314962
20982.42188	0.008399349
20988.28125	0.00716979
20994.14063	0.001710278
21000	0.005990471
21005.85938	0.012701387
21011.71875	0.005759642
21017.57813	0.001934145
21023.4375	0.015137566
21029.29688	0.008243694
21035.15625	0.005169867
21041.01563	0.003648295
21046.875	0.006590727
21052.73438	0.012055904
21058.59375	0.007301648
21064.45313	0.012136908
21070.3125	0.003215277
21076.17188	0.01491907
21082.03125	0.008682899
21087.89063	0.013800939
21093.75	0.006638819
21099.60938	0.009498043
21105.46875	0.006385306
21111.32813	0.015492206
21117.1875	0.007159716
21123.04688	0.00460173
21128.90625	0.007519125
21134.76563	0.016648824
21140.625	0.011143319
21146.48438	0.006265648
21152.34375	0.008808862
21158.20313	0.011964492
21164.0625	0.007256296
21169.92188	0.010724995
21175.78125	0.00225907
21181.64063	0.008724258
21187.5	0.016307436
21193.35938	0.005350536
21199.21875	0.011666392
21205.07813	0.008601518
21210.9375	0.015048748
21216.79688	0.003048237
21222.65625	0.008797993
21228.51563	0.018031813
21234.375	0.008298179
21240.23438	0.011924681
21246.09375	0.00733608
21251.95313	0.009492882
21257.8125	0.006805883
21263.67188	0.004576371
21269.53125	0.011134609
21275.39063	0.009925696
21281.25	0.005024312
21287.10938	0.005418284
21292.96875	0.00718319
21298.82813	0.00715632
21304.6875	0.012604234
21310.54688	0.005654725
21316.40625	0.0034301
21322.26563	0.009228898
21328.125	0.008145797
21333.98438	0.008552292
21339.84375	0.005235005
21345.70313	0.002992983
21351.5625	0.010042326
21357.42188	0.005960089
21363.28125	0.003819046
21369.14063	0.004516222
21375	0.00547904
21380.85938	0.024831991
21386.71875	0.010618212
21392.57813	0.013854194
21398.4375	0.020633877
21404.29688	0.009768592
21410.15625	0.012342264
21416.01563	0.003879889
21421.875	0.003467697
21427.73438	0.007471263
21433.59375	0.009655984
21439.45313	0.007839426
21445.3125	0.006671527
21451.17188	0.002237741
21457.03125	0.003667317
21462.89063	0.002555255
21468.75	0.003656997
21474.60938	0.005712669
21480.46875	0.003027238
21486.32813	0.007580307
21492.1875	0.014276305
21498.04688	0.010579537
21503.90625	0.013426019
21509.76563	0.007387941
21515.625	0.010741921
21521.48438	0.010218935
21527.34375	0.007598084
21533.20313	0.005677453
21539.0625	0.003667767
21544.92188	0.004512222
21550.78125	0.004686976
21556.64063	0.005988083
21562.5	0.006014253
21568.35938	0.008832489
21574.21875	0.006685343
21580.07813	0.007912888
21585.9375	0.006930233
21591.79688	0.00940297
21597.65625	0.005602752
21603.51563	0.009438441
21609.375	0.007423632
21615.23438	0.003392539
21621.09375	0.011338255
21626.95313	0.009051505
21632.8125	0.004898977
21638.67188	0.005579904
21644.53125	0.003553191
21650.39063	0.003520554
21656.25	0.00363527
21662.10938	0.007043621
21667.96875	0.012947785
21673.82813	0.001606669
21679.6875	0.010416803
21685.54688	0.014566037
21691.40625	0.010300917
21697.26563	0.011107887
21703.125	0.007627529
21708.98438	0.003985339
21714.84375	0.00503406
21720.70313	0.001523858
21726.5625	0.009778889
21732.42188	0.009226739
21738.28125	0.008452563
21744.14063	0.009566308
21750	0.004871715
21755.85938	0.002276573
21761.71875	0.003720742
21767.57813	0.004743218
21773.4375	0.004074682
21779.29688	0.008761497
21785.15625	0.003342303
21791.01563	0.007411518
21796.875	0.01268645
21802.73438	0.002583161
21808.59375	0.002354263
21814.45313	0.007903404
21820.3125	0.00237433
21826.17188	0.007275631
21832.03125	0.00868226
21837.89063	0.004967854
21843.75	0.005138954
21849.60938	0.00504695
21855.46875	0.005374778
21861.32813	0.005171512
21867.1875	0.004546344
21873.04688	0.009295501
21878.90625	0.001607126
21884.76563	0.004882506
21890.625	0.005186474
21896.48438	0.005471342
21902.34375	0.000889242
21908.20313	0.005988783
21914.0625	0.005124736
21919.92188	0.00316094
21925.78125	0.005734196
21931.64063	0.005939801
21937.5	0.001439826
21943.35938	0.003915298
21949.21875	0.001122694
21955.07813	0.003351001
21960.9375	0.001560532
21966.79688	0.001892803
21972.65625	0.00721751
21978.51563	0.007924069
21984.375	0.010877324
21990.23438	0.005074022
21996.09375	0.003366147
22001.95313	0.005063628
22007.8125	0.004945262
22013.67188	0.00197227
22019.53125	0.003349904
22025.39063	0.003077215
22031.25	0.000775042
22037.10938	0.008080307
22042.96875	0.006101751
22048.82813	0.010924319
22054.6875	0.012866401
22060.54688	0.011997763
22066.40625	0.016501974
22072.26563	0.013187108
22078.125	0.015641533
22083.98438	0.017500282
22089.84375	0.011451803
22095.70313	0.006954075
22101.5625	0.006708482
22107.42188	0.00709582
22113.28125	0.003818752
22119.14063	0.006747258
22125	0.006294016
22130.85938	0.001756417
22136.71875	0.009837849
22142.57813	0.004399204
22148.4375	0.003635543
22154.29688	0.002535777
22160.15625	0.004003704
22166.01563	0.003929413
22171.875	0.006706576
22177.73438	0.001313525
22183.59375	0.002304329
22189.45313	0.004843975
22195.3125	0.008493095
22201.17188	0.003047465
22207.03125	0.009429646
22212.89063	0.004657649
22218.75	0.009370009
22224.60938	0.00532124
22230.46875	0.006155875
22236.32813	0.002588174
22242.1875	0.00760019
22248.04688	0.001547622
22253.90625	0.006999628
22259.76563	0.007666077
22265.625	0.006434313
22271.48438	0.004641305
22277.34375	0.005154615
22283.20313	0.002582344
22289.0625	0.001962636
22294.92188	0.002830919
22300.78125	0.005006457
22306.64063	0.00638025
22312.5	0.006320987
22318.35938	0.002537945
22324.21875	0.005514747
22330.07813	0.006361608
22335.9375	0.005414826
22341.79688	0.002902159
22347.65625	0.005044825
22353.51563	0.005234094
22359.375	0.003704934
22365.23438	0.004898944
22371.09375	0.002400121
22376.95313	0.002972556
22382.8125	0.004492863
22388.67188	0.003527775
22394.53125	0.002428051
22400.39063	0.004403438
22406.25	0.003694628
22412.10938	0.002638022
22417.96875	0.005935098
22423.82813	0.006676665
22429.6875	0.004138884
22435.54688	0.002832009
22441.40625	0.005410168
22447.26563	0.005817742
22453.125	0.003886684
22458.98438	0.006150101
22464.84375	0.00596272
22470.70313	0.003391852
22476.5625	0.006520048
22482.42188	0.005646574
22488.28125	0.007624662
22494.14063	0.007213886
22500	0.011872234
22505.85938	0.028709148
22511.71875	0.00624855
22517.57813	0.00201363
22523.4375	0.002575779
22529.29688	0.004758893
22535.15625	0.004769936
22541.01563	0.002932832
22546.875	0.005173193
22552.73438	0.003518718
22558.59375	0.004350711
22564.45313	0.00768567
22570.3125	0.003783234
22576.17188	0.003352348
22582.03125	0.003841916
22587.89063	0.006245368
22593.75	0.003524573
22599.60938	0.003507681
22605.46875	0.003776689
22611.32813	0.005516665
22617.1875	0.004904178
22623.04688	0.004676877
22628.90625	0.001441506
22634.76563	0.003890884
22640.625	0.008188598
22646.48438	0.003825971
22652.34375	0.004276499
22658.20313	0.002137645
22664.0625	0.004590121
22669.92188	0.0021021
22675.78125	0.003120549
22681.64063	0.004258739
22687.5	0.003322677
22693.35938	0.004845405
22699.21875	0.004728955
22705.07813	0.003902202
22710.9375	0.003087775
22716.79688	0.005485917
22722.65625	0.004111305
22728.51563	0.004720069
22734.375	0.003672244
22740.23438	0.004913855
22746.09375	0.002309917
22751.95313	0.00473576
22757.8125	0.006217085
22763.67188	0.004878116
22769.53125	0.003874071
22775.39063	0.004082511
22781.25	0.002643053
22787.10938	0.002318799
22792.96875	0.003554163
22798.82813	0.004118191
22804.6875	0.005426229
22810.54688	0.003354451
22816.40625	0.004546019
22822.26563	0.004592306
22828.125	0.005588686
22833.98438	0.004668928
22839.84375	0.006536883
22845.70313	0.005203497
22851.5625	0.00547845
22857.42188	0.003352971
22863.28125	0.004763629
22869.14063	0.00385912
22875	0.003885453
22880.85938	0.004913271
22886.71875	0.003439307
22892.57813	0.005421365
22898.4375	0.003861421
22904.29688	0.005770742
22910.15625	0.003418835
22916.01563	0.004362255
22921.875	0.005566891
22927.73438	0.004050265
22933.59375	0.005312682
22939.45313	0.0055203
22945.3125	0.004678402
22951.17188	0.004589671
22957.03125	0.004039711
22962.89063	0.004991485
22968.75	0.003194496
22974.60938	0.004363028
22980.46875	0.005976009
22986.32813	0.005358221
22992.1875	0.004926657
22998.04688	0.00498729
23003.90625	0.00553656
23009.76563	0.003753955
23015.625	0.004639345
23021.48438	0.00412726
23027.34375	0.003453001
23033.20313	0.004308285
23039.0625	0.004397173
23044.92188	0.004378696
23050.78125	0.004399292
23056.64063	0.003163657
23062.5	0.003002591
23068.35938	0.003288287
23074.21875	0.003378617
23080.07813	0.005279253
23085.9375	0.00408793
23091.79688	0.003990979
23097.65625	0.005171626
23103.51563	0.004506977
23109.375	0.004672302
23115.23438	0.004904442
23121.09375	0.00389512
23126.95313	0.003474709
23132.8125	0.003930909
23138.67188	0.005254134
23144.53125	0.004695648
23150.39063	0.006596843
23156.25	0.004982634
23162.10938	0.005807759
23167.96875	0.004182744
23173.82813	0.00514184
23179.6875	0.005235757
23185.54688	0.003856459
23191.40625	0.002924942
23197.26563	0.00555836
23203.125	0.004605223
23208.98438	0.003595186
23214.84375	0.004831413
23220.70313	0.003120428
23226.5625	0.005087128
23232.42188	0.004533122
23238.28125	0.00358652
23244.14063	0.003806763
23250	0.004708464
23255.85938	0.004607225
23261.71875	0.00369356
23267.57813	0.003643345
23273.4375	0.004455873
23279.29688	0.004099973
23285.15625	0.002436094
23291.01563	0.004002786
23296.875	0.004442606
23302.73438	0.005567339
23308.59375	0.004369225
23314.45313	0.004774196
23320.3125	0.004384237
23326.17188	0.005011845
23332.03125	0.004120723
23337.89063	0.004683403
23343.75	0.004127331
23349.60938	0.004135869
23355.46875	0.005392603
23361.32813	0.005073407
23367.1875	0.003504849
23373.04688	0.003848097
23378.90625	0.005309388
23384.76563	0.004971588
23390.625	0.005004321
23396.48438	0.003614332
23402.34375	0.004288388
23408.20313	0.005182257
23414.0625	0.003694482
23419.92188	0.004146317
23425.78125	0.004796595
23431.64063	0.004564461
23437.5	0.004685988
23443.35938	0.004357086
23449.21875	0.00442854
23455.07813	0.004651511
23460.9375	0.002924442
23466.79688	0.004306884
23472.65625	0.004135612
23478.51563	0.004613462
23484.375	0.003504445
23490.23438	0.00326422
23496.09375	0.005474721
23501.95313	0.004890583
23507.8125	0.004502232
23513.67188	0.004946049
23519.53125	0.006120567
23525.39063	0.004406191
23531.25	0.003759975
23537.10938	0.004280156
23542.96875	0.005268387
23548.82813	0.005541272
23554.6875	0.003524514
23560.54688	0.004362149
23566.40625	0.004690947
23572.26563	0.004759226
23578.125	0.004691702
23583.98438	0.004765374
23589.84375	0.004230149
23595.70313	0.004401247
23601.5625	0.004705069
23607.42188	0.003406387
23613.28125	0.004809181
23619.14063	0.004614114
23625	0.004509705
23630.85938	0.004640144
23636.71875	0.004797927
23642.57813	0.005455715
23648.4375	0.004035179
23654.29688	0.003736538
23660.15625	0.004959147
23666.01563	0.002979994
23671.875	0.004155177
23677.73438	0.004509657
23683.59375	0.004422915
23689.45313	0.003990707
23695.3125	0.004184174
23701.17188	0.005739657
23707.03125	0.005191272
23712.89063	0.004188631
23718.75	0.005113081
23724.60938	0.003934582
23730.46875	0.004051201
23736.32813	0.004098195
23742.1875	0.003785659
23748.04688	0.00332268
23753.90625	0.004479408
23759.76563	0.004461862
23765.625	0.003548077
23771.48438	0.005342458
23777.34375	0.003928489
23783.20313	0.004846522
23789.0625	0.004668862
23794.92188	0.004078728
23800.78125	0.003505676
23806.64063	0.003624428
23812.5	0.003543948
23818.35938	0.004225665
23824.21875	0.00389314
23830.07813	0.004599819
23835.9375	0.004127242
23841.79688	0.004411361
23847.65625	0.004113569
23853.51563	0.004531686
23859.375	0.004041864
23865.23438	0.004342851
23871.09375	0.005289595
23876.95313	0.005040131
23882.8125	0.004011397
23888.67188	0.004682834
23894.53125	0.004749998
23900.39063	0.003716807
23906.25	0.004096892
23912.10938	0.003868152
23917.96875	0.004210255
23923.82813	0.003687085
23929.6875	0.004593538
23935.54688	0.003822639
23941.40625	0.004815902
23947.26563	0.005032583
23953.125	0.004105632
23958.98438	0.004199549
23964.84375	0.00551186
23970.70313	0.003598705
23976.5625	0.003961503
23982.42188	0.003108054
23988.28125	0.00482508
23994.14063	0.004526203