23.4375	0.112546517
46.875	0.219777866
70.3125	0.095754134
93.75	0.082761438
117.1875	0.235427098
140.625	0.028862185
164.0625	0.162528252
187.5	0.076739015
210.9375	0.125951432
234.375	0.080437539
257.8125	0.217968141
281.25	0.069553096
304.6875	0.155892349
328.125	0.023946891
351.5625	0.085791007
375	0.050711467
398.4375	0.099206923
421.875	0.055955158
445.3125	0.077693592
468.75	0.090701708
492.1875	0.13599298
515.625	0.104545323
539.0625	0.15564907
562.5	0.135064537
585.9375	0.179234473
609.375	0.258740058
632.8125	0.272043513
656.25	0.363232876
679.6875	0.488307019
703.125	0.641972697
726.5625	0.97858302
750	1.773132365
773.4375	6.468093689
796.875	4.793085231
820.3125	1.912158
843.75	1.24914699
867.1875	0.941483239
890.625	0.798850575
914.0625	0.673674862
937.5	0.631334175
960.9375	0.580241679
984.375	0.540629174
1007.8125	0.520793807
1031.25	0.519602618
1054.6875	0.488922938
1078.125	0.479862015
1101.5625	0.47369319
1125	0.46342467
1148.4375	0.486810555
1171.875	0.502454488
1195.3125	0.521300334
1218.75	0.496522983
1242.1875	0.526144156
1265.625	0.509610301
1289.0625	0.554256665
1312.5	0.541557489
1335.9375	0.570022572
1359.375	0.592888724
1382.8125	0.632412028
1406.25	0.675641171
1429.6875	0.697896637
1453.125	0.757585177
1476.5625	0.797911779
1500	0.871286507
1523.4375	0.928842486
1546.875	1.035901997
1570.3125	1.178547394
1593.75	1.362405935
1617.1875	1.584897885
1640.625	1.924224533
1664.0625	2.454073723
1687.5	3.441361046
1710.9375	5.815370221
1734.375	19.42952413
1757.8125	14.17602593
1781.25	5.131071492
1804.6875	3.134018559
1828.125	2.230900133
1851.5625	1.734085631
1875	1.424036489
1898.4375	1.198407531
1921.875	1.022385116
1945.3125	0.895356683
1968.75	0.802838664
1992.1875	0.727429855
2015.625	0.648077292
2039.0625	0.600819945
2062.5	0.559747157
2085.9375	0.525645972
2109.375	0.48091864
2132.8125	0.456222402
2156.25	0.413946703
2179.6875	0.41089114
2203.125	0.387385559
2226.5625	0.353185771
2250	0.348040823
2273.4375	0.340885218
2296.875	0.312448273
2320.3125	0.293448632
2343.75	0.289804424
2367.1875	0.279348958
2390.625	0.245793545
2414.0625	0.250013711
2437.5	0.248970271
2460.9375	0.242702618
2484.375	0.221320309
2507.8125	0.226520081
2531.25	0.20996095
2554.6875	0.202129218
2578.125	0.19640445
2601.5625	0.192219255
2625	0.187816756
2648.4375	0.187159772
2671.875	0.182788473
2695.3125	0.176649884
2718.75	0.16569928
2742.1875	0.168480953
2765.625	0.153444814
2789.0625	0.156426556
2812.5	0.152882761
2835.9375	0.144146385
2859.375	0.144818424
2882.8125	0.139988597
2906.25	0.140510249
2929.6875	0.14301403
2953.125	0.139995672
2976.5625	0.13172022
3000	0.136120274
3023.4375	0.134308069
3046.875	0.128198853
3070.3125	0.119446971
3093.75	0.118734414
3117.1875	0.113171206
3140.625	0.122323315
3164.0625	0.11138655
3187.5	0.115403739
3210.9375	0.112358059
3234.375	0.116752309
3257.8125	0.114019395
3281.25	0.105178249
3304.6875	0.133817421
3328.125	0.106480661
3351.5625	0.106833899
3375	0.097869248
3398.4375	0.10173888
3421.875	0.099558812
3445.3125	0.102505318
3468.75	0.098045444
3492.1875	0.094663139
3515.625	0.094097789
3539.0625	0.09248186
3562.5	0.083296697
3585.9375	0.082856416
3609.375	0.083461544
3632.8125	0.08339239
3656.25	0.08312632
3679.6875	0.083798059
3703.125	0.08457267
3726.5625	0.082948243
3750	0.08292489
3773.4375	0.078971964
3796.875	0.079412009
3820.3125	0.074709776
3843.75	0.074739796
3867.1875	0.073189447
3890.625	0.076814323
3914.0625	0.076304758
3937.5	0.075966462
3960.9375	0.074466192
3984.375	0.072963729
4007.8125	0.071363198
4031.25	0.071849849
4054.6875	0.070218608
4078.125	0.070234053
4101.5625	0.071673691
4125	0.067861746
4148.4375	0.06674851
4171.875	0.065952773
4195.3125	0.064419985
4218.75	0.062877761
4242.1875	0.063192378
4265.625	0.064362572
4289.0625	0.063043982
4312.5	0.06163597
4335.9375	0.05924789
4359.375	0.061046788
4382.8125	0.061630302
4406.25	0.060082914
4429.6875	0.0596718
4453.125	0.062972176
4476.5625	0.06184524
4500	0.060047054
4523.4375	0.056597501
4546.875	0.058167487
4570.3125	0.052459049
4593.75	0.055604807
4617.1875	0.053599595
4640.625	0.057274403
4664.0625	0.055582515
4687.5	0.055525155
4710.9375	0.055200713
4734.375	0.052519726
4757.8125	0.053837968
4781.25	0.050890451
4804.6875	0.053503379
4828.125	0.053101747
4851.5625	0.052855697
4875	0.051171027
4898.4375	0.052305532
4921.875	0.051197822
4945.3125	0.050584269
4968.75	0.048955513
4992.1875	0.05069541
5015.625	0.047585658
5039.0625	0.047703727
5062.5	0.048397139
5085.9375	0.047732125
5109.375	0.04660659
5132.8125	0.044765993
5156.25	0.044946155
5179.6875	0.048618598
5203.125	0.043890731
5226.5625	0.052615616
5250	0.045746185
5273.4375	0.045458137
5296.875	0.04626748
5320.3125	0.045910889
5343.75	0.047766359
5367.1875	0.04760846
5390.625	0.042090916
5414.0625	0.042368348
5437.5	0.044478447
5460.9375	0.04173948
5484.375	0.046747839
5507.8125	0.043249022
5531.25	0.043616042
5554.6875	0.045436749
5578.125	0.041977706
5601.5625	0.042161763
5625	0.042519434
5648.4375	0.041638946
5671.875	0.041308038
5695.3125	0.040205235
5718.75	0.043251485
5742.1875	0.042503508
5765.625	0.04026941
5789.0625	0.041286218
5812.5	0.040968908
5835.9375	0.040824856
5859.375	0.038706093
5882.8125	0.039678655
5906.25	0.038615034
5929.6875	0.041313112
5953.125	0.042326238
5976.5625	0.03928989
6000	0.03900214
6023.4375	0.038366313
6046.875	0.040805169
6070.3125	0.03657659
6093.75	0.036685377
6117.1875	0.037487558
6140.625	0.037432876
6164.0625	0.036335251
6187.5	0.038739993
6210.9375	0.037830789
6234.375	0.039749447
6257.8125	0.040380844
6281.25	0.035605137
6304.6875	0.037313287
6328.125	0.039960964
6351.5625	0.033206257
6375	0.035195801
6398.4375	0.03695878
6421.875	0.036038901
6445.3125	0.03656456
6468.75	0.034811485
6492.1875	0.036220106
6515.625	0.033565269
6539.0625	0.034104382
6562.5	0.033352508
6585.9375	0.034982467
6609.375	0.031937978
6632.8125	0.03353246
6656.25	0.034876265
6679.6875	0.034712496
6703.125	0.034514909
6726.5625	0.034859536
6750	0.034516319
6773.4375	0.034150952
6796.875	0.033092535
6820.3125	0.03153332
6843.75	0.033457105
6867.1875	0.030926429
6890.625	0.034579103
6914.0625	0.033629087
6937.5	0.034910534
6960.9375	0.033950592
6984.375	0.032749322
7007.8125	0.030912693
7031.25	0.031658899
7054.6875	0.031860809
7078.125	0.032420875
7101.5625	0.033449224
7125	0.031654679
7148.4375	0.03286182
7171.875	0.032353459
7195.3125	0.030179395
7218.75	0.030569678
7242.1875	0.029416448
7265.625	0.029479309
7289.0625	0.031357251
7312.5	0.030999561
7335.9375	0.030828006
7359.375	0.03172901
7382.8125	0.029738112
7406.25	0.030516852
7429.6875	0.028935538
7453.125	0.028355141
7476.5625	0.030437086
7500	0.030173918
7523.4375	0.029324604
7546.875	0.029204775
7570.3125	0.029900327
7593.75	0.030018758
7617.1875	0.02938107
7640.625	0.028810337
7664.0625	0.02854405
7687.5	0.028789426
7710.9375	0.029058279
7734.375	0.027002118
7757.8125	0.028978772
7781.25	0.029416379
7804.6875	0.028383132
7828.125	0.027937014
7851.5625	0.028550178
7875	0.029855552
7898.4375	0.028302664
7921.875	0.028594791
7945.3125	0.029129423
7968.75	0.027627058
7992.1875	0.026124647
8015.625	0.027464302
8039.0625	0.026915218
8062.5	0.02671744
8085.9375	0.025953244
8109.375	0.027549185
8132.8125	0.028639019
8156.25	0.027791433
8179.6875	0.026259105
8203.125	0.025740271
8226.5625	0.027509155
8250	0.024760705
8273.4375	0.026414752
8296.875	0.026725537
8320.3125	0.028008329
8343.75	0.027031653
8367.1875	0.02586285
8390.625	0.02739797
8414.0625	0.026781783
8437.5	0.025615367
8460.9375	0.025527991
8484.375	0.026296033
8507.8125	0.026551526
8531.25	0.026356505
8554.6875	0.026369935
8578.125	0.02628816
8601.5625	0.025400628
8625	0.024780172
8648.4375	0.024126468
8671.875	0.024760075
8695.3125	0.025488588
8718.75	0.024792424
8742.1875	0.024962998
8765.625	0.02492137
8789.0625	0.024675369
8812.5	0.025759013
8835.9375	0.024703829
8859.375	0.023573576
8882.8125	0.023660894
8906.25	0.024527581
8929.6875	0.024917678
8953.125	0.026667402
8976.5625	0.024457005
9000	0.025615349
9023.4375	0.02489068
9046.875	0.0240549
9070.3125	0.02367781
9093.75	0.023628201
9117.1875	0.023199603
9140.625	0.024034731
9164.0625	0.02504294
9187.5	0.026083399
9210.9375	0.024829089
9234.375	0.02427301
9257.8125	0.022130356
9281.25	0.021513449
9304.6875	0.023099562
9328.125	0.022437112
9351.5625	0.023542883
9375	0.024168687
9398.4375	0.024234229
9421.875	0.024180424
9445.3125	0.023159506
9468.75	0.022729236
9492.1875	0.02253141
9515.625	0.022030046
9539.0625	0.022808828
9562.5	0.025454201
9585.9375	0.023648611
9609.375	0.024801803
9632.8125	0.022819783
9656.25	0.022022172
9679.6875	0.021914216
9703.125	0.021676393
9726.5625	0.022477053
9750	0.023489302
9773.4375	0.022242704
9796.875	0.023160545
9820.3125	0.022419245
9843.75	0.02159239
9867.1875	0.02170324
9890.625	0.022395979
9914.0625	0.021827801
9937.5	0.021282949
9960.9375	0.020648207
9984.375	0.021809955
10007.8125	0.022217684
10031.25	0.021408056
10054.6875	0.021718456
10078.125	0.02144218
10101.5625	0.021006369
10125	0.021871779
10148.4375	0.02216329
10171.875	0.022894682
10195.3125	0.020957284
10218.75	0.022606619
10242.1875	0.020737791
10265.625	0.021317766
10289.0625	0.021257958
10312.5	0.021281457
10335.9375	0.021255807
10359.375	0.022645697
10382.8125	0.020057519
10406.25	0.021781791
10429.6875	0.021028591
10453.125	0.020247074
10476.5625	0.020868372
10500	0.02049123
10523.4375	0.020749194
10546.875	0.02055366
10570.3125	0.020516129
10593.75	0.021858555
10617.1875	0.021675635
10640.625	0.020480498
10664.0625	0.020909084
10687.5	0.01956066
10710.9375	0.020323985
10734.375	0.019919727
10757.8125	0.01974795
10781.25	0.020846822
10804.6875	0.019945814
10828.125	0.021436688
10851.5625	0.020154063
10875	0.020162375
10898.4375	0.019839388
10921.875	0.019406704
10945.3125	0.021284882
10968.75	0.019310352
10992.1875	0.020918747
11015.625	0.019128749
11039.0625	0.019740842
11062.5	0.019955815
11085.9375	0.019981558
11109.375	0.019034935
11132.8125	0.019619404
11156.25	0.018945601
11179.6875	0.019081311
11203.125	0.018932836
11226.5625	0.019993311
11250	0.019500274
11273.4375	0.020226506
11296.875	0.018893175
11320.3125	0.019884483
11343.75	0.019354165
11367.1875	0.018817975
11390.625	0.018823459
11414.0625	0.020082572
11437.5	0.01925105
11460.9375	0.019220789
11484.375	0.019581757
11507.8125	0.020154772
11531.25	0.01978713
11554.6875	0.019083049
11578.125	0.01875475
11601.5625	0.019381848
11625	0.019332637
11648.4375	0.019139698
11671.875	0.020787694
11695.3125	0.019674442
11718.75	0.018522557
11742.1875	0.018112678
11765.625	0.018783991
11789.0625	0.018081857
11812.5	0.019225847
11835.9375	0.019528619
11859.375	0.018536517
11882.8125	0.018213363
11906.25	0.020059188
11929.6875	0.018766758
11953.125	0.018472322
11976.5625	0.017822935
12000	0.017993909
12023.4375	0.018865814
12046.875	0.01823478
12070.3125	0.018328509
12093.75	0.018382275
12117.1875	0.018685542
12140.625	0.018342973
12164.0625	0.018212675
12187.5	0.01680625
12210.9375	0.018183482
12234.375	0.01846951
12257.8125	0.018402635
12281.25	0.017369919
12304.6875	0.018045798
12328.125	0.015956086
12351.5625	0.01807815
12375	0.017523205
12398.4375	0.017668112
12421.875	0.018233682
12445.3125	0.01742849
12468.75	0.019055146
12492.1875	0.018666397
12515.625	0.018888515
12539.0625	0.017885523
12562.5	0.016373428
12585.9375	0.018492103
12609.375	0.016797125
12632.8125	0.016940966
12656.25	0.01745678
12679.6875	0.017549136
12703.125	0.017486771
12726.5625	0.017162014
12750	0.017722542
12773.4375	0.017596352
12796.875	0.018099194
12820.3125	0.018026908
12843.75	0.016816795
12867.1875	0.017202431
12890.625	0.017312819
12914.0625	0.01836879
12937.5	0.016461689
12960.9375	0.017493775
12984.375	0.016657592
13007.8125	0.016575588
13031.25	0.01685631
13054.6875	0.017395104
13078.125	0.015443291
13101.5625	0.017624174
13125	0.017356921
13148.4375	0.016073849
13171.875	0.017078755
13195.3125	0.016150237
13218.75	0.016600653
13242.1875	0.017576619
13265.625	0.018041022
13289.0625	0.018371559
13312.5	0.01659847
13335.9375	0.016794554
13359.375	0.014947106
13382.8125	0.016935486
13406.25	0.01656362
13429.6875	0.017070965
13453.125	0.016761011
13476.5625	0.016612355
13500	0.016293721
13523.4375	0.015989088
13546.875	0.018074075
13570.3125	0.016212602
13593.75	0.017007802
13617.1875	0.016294236
13640.625	0.016490767
13664.0625	0.017066289
13687.5	0.016035463
13710.9375	0.016068034
13734.375	0.016146491
13757.8125	0.015883848
13781.25	0.017380112
13804.6875	0.016314762
13828.125	0.01598091
13851.5625	0.017502743
13875	0.015518317
13898.4375	0.016826985
13921.875	0.016513548
13945.3125	0.015764931
13968.75	0.016210642
13992.1875	0.017407572
14015.625	0.015083156
14039.0625	0.018000163
14062.5	0.016814992
14085.9375	0.015264123
14109.375	0.015434794
14132.8125	0.015576764
14156.25	0.016544441
14179.6875	0.016766171
14203.125	0.016812767
14226.5625	0.018749814
14250	0.018873577
14273.4375	0.015917249
14296.875	0.016395912
14320.3125	0.015746529
14343.75	0.014498259
14367.1875	0.014465462
14390.625	0.015872356
14414.0625	0.014659252
14437.5	0.016880335
14460.9375	0.014954022
14484.375	0.01584624
14507.8125	0.01717941
14531.25	0.012317172
14554.6875	0.014870436
14578.125	0.015527054
14601.5625	0.0154123
14625	0.016958064
14648.4375	0.017275172
14671.875	0.017168136
14695.3125	0.017352661
14718.75	0.015892013
14742.1875	0.014039758
14765.625	0.016877376
14789.0625	0.014035079
14812.5	0.018796059
14835.9375	0.014469804
14859.375	0.018499646
14882.8125	0.015934976
14906.25	0.014174306
14929.6875	0.013131474
14953.125	0.015206849
14976.5625	0.013649771
15000	0.015585177
15023.4375	0.016182114
15046.875	0.017806976
15070.3125	0.015197194
15093.75	0.011473327
15117.1875	0.014047176
15140.625	0.014559701
15164.0625	0.012108204
15187.5	0.016119413
15210.9375	0.014796335
15234.375	0.01862931
15257.8125	0.014750397
15281.25	0.014862111
15304.6875	0.012163225
15328.125	0.015123468
15351.5625	0.013724038
15375	0.017619297
15398.4375	0.017077225
15421.875	0.017460959
15445.3125	0.016927217
15468.75	0.015694905
15492.1875	0.012945607
15515.625	0.011325078
15539.0625	0.012689571
15562.5	0.015766731
15585.9375	0.013588265
15609.375	0.012183436
15632.8125	0.014581586
15656.25	0.017737455
15679.6875	0.015681257
15703.125	0.012044853
15726.5625	0.014361227
15750	0.011175534
15773.4375	0.013702108
15796.875	0.016372747
15820.3125	0.016449698
15843.75	0.015542578
15867.1875	0.014915754
15890.625	0.012625478
15914.0625	0.011590474
15937.5	0.015847619
15960.9375	0.016226918
15984.375	0.016409006
16007.8125	0.014174086
16031.25	0.016539441
16054.6875	0.01790411
16078.125	0.013307861
16101.5625	0.012408263
16125	0.01523461
16148.4375	0.017469611
16171.875	0.014463355
16195.3125	0.015756205
16218.75	0.016776879
16242.1875	0.019569068
16265.625	0.016729534
16289.0625	0.014428312
16312.5	0.016459209
16335.9375	0.016427617
16359.375	0.017434907
16382.8125	0.016468014
16406.25	0.014776463
16429.6875	0.014735315
16453.125	0.013013804
16476.5625	0.011803507
16500	0.014266731
16523.4375	0.015520299
16546.875	0.016075869
16570.3125	0.014926489
16593.75	0.015320471
16617.1875	0.015902888
16640.625	0.014872434
16664.0625	0.012285098
16687.5	0.013469927
16710.9375	0.011937469
16734.375	0.015574034
16757.8125	0.013027545
16781.25	0.016056052
16804.6875	0.014646461
16828.125	0.014783925
16851.5625	0.012299086
16875	0.012752524
16898.4375	0.014736125
16921.875	0.011395495
16945.3125	0.013158078
16968.75	0.011529895
16992.1875	0.012462753
17015.625	0.016520539
17039.0625	0.015020859
17062.5	0.01573407
17085.9375	0.014677689
17109.375	0.014793095
17132.8125	0.014146447
17156.25	0.013364267
17179.6875	0.016164489
17203.125	0.013094147
17226.5625	0.014663749
17250	0.01132457
17273.4375	0.015542567
17296.875	0.014669341
17320.3125	0.016766655
17343.75	0.017306989
17367.1875	0.016005406
17390.625	0.012613694
17414.0625	0.012239698
17437.5	0.013395055
17460.9375	0.011734962
17484.375	0.013907161
17507.8125	0.01384682
17531.25	0.015405104
17554.6875	0.015326113
17578.125	0.015142154
17601.5625	0.011149904
17625	0.013538893
17648.4375	0.012133883
17671.875	0.01218581
17695.3125	0.013039027
17718.75	0.014058939
17742.1875	0.015112058
17765.625	0.011012603
17789.0625	0.013378299
17812.5	0.010175739
17835.9375	0.01295538
17859.375	0.013969082
17882.8125	0.011957074
17906.25	0.013493601
17929.6875	0.01489864
17953.125	0.014972693
17976.5625	0.01691227
18000	0.015302214
18023.4375	0.012248064
18046.875	0.011952217
18070.3125	0.014546834
18093.75	0.013850128
18117.1875	0.015033188
18140.625	0.017166008
18164.0625	0.012419467
18187.5	0.014370349
18210.9375	0.012263867
18234.375	0.01298471
18257.8125	0.015922438
18281.25	0.014546938
18304.6875	0.014687502
18328.125	0.016048851
18351.5625	0.015443236
18375	0.014768113
18398.4375	0.016153209
18421.875	0.014203878
18445.3125	0.012743105
18468.75	0.01328962
18492.1875	0.015643386
18515.625	0.013110369
18539.0625	0.018660274
18562.5	0.016063774
18585.9375	0.014227114
18609.375	0.012869567
18632.8125	0.008988313
18656.25	0.013052575
18679.6875	0.015612738
18703.125	0.014747614
18726.5625	0.013586611
18750	0.013715437
18773.4375	0.012625442
18796.875	0.013216045
18820.3125	0.011460687
18843.75	0.011063043
18867.1875	0.011669762
18890.625	0.014044649
18914.0625	0.014923419
18937.5	0.015007012
18960.9375	0.01213195
18984.375	0.012183167
19007.8125	0.00841141
19031.25	0.012281823
19054.6875	0.010638666
19078.125	0.013193941
19101.5625	0.017896521
19125	0.019341617
19148.4375	0.017166547
19171.875	0.014696505
19195.3125	0.013971498
19218.75	0.013333965
19242.1875	0.014625478
19265.625	0.015829128
19289.0625	0.014477792
19312.5	0.014544697
19335.9375	0.012673154
19359.375	0.015119092
19382.8125	0.01286736
19406.25	0.01359633
19429.6875	0.014459975
19453.125	0.014496614
19476.5625	0.012914513
19500	0.013001103
19523.4375	0.017434284
19546.875	0.014393648
19570.3125	0.013988217
19593.75	0.012547501
19617.1875	0.010989747
19640.625	0.008286521
19664.0625	0.015987513
19687.5	0.014185548
19710.9375	0.012295363
19734.375	0.013256688
19757.8125	0.011070512
19781.25	0.011419868
19804.6875	0.013165074
19828.125	0.012697084
19851.5625	0.009893053
19875	0.015315766
19898.4375	0.017649456
19921.875	0.011952988
19945.3125	0.012829844
19968.75	0.015120069
19992.1875	0.012413799
20015.625	0.010398061
20039.0625	0.014425966
20062.5	0.010903648
20085.9375	0.01658654
20109.375	0.016146761
20132.8125	0.016178136
20156.25	0.014759724
20179.6875	0.00894906
20203.125	0.015910933
20226.5625	0.01074049
20250	0.010716477
20273.4375	0.014528663
20296.875	0.010990038
20320.3125	0.012686206
20343.75	0.013579213
20367.1875	0.017004653
20390.625	0.016295489
20414.0625	0.00976561
20437.5	0.014185589
20460.9375	0.009721297
20484.375	0.013280817
20507.8125	0.01496323
20531.25	0.015289581
20554.6875	0.012760918
20578.125	0.013699428
20601.5625	0.010778127
20625	0.008717842
20648.4375	0.012873437
20671.875	0.014203695
20695.3125	0.010823618
20718.75	0.010349571
20742.1875	0.013403466
20765.625	0.015343988
20789.0625	0.011705526
20812.5	0.012662214
20835.9375	0.014281206
20859.375	0.01492585
20882.8125	0.012831201
20906.25	0.019530576
20929.6875	0.013520563
20953.125	0.011403125
20976.5625	0.0110081
21000	0.01371783
21023.4375	0.012967651
21046.875	0.01266309
21070.3125	0.013191242
21093.75	0.014324106
21117.1875	0.010067108
21140.625	0.011905891
21164.0625	0.01170604
21187.5	0.015473365
21210.9375	0.014369372
21234.375	0.012154172
21257.8125	0.01276859
21281.25	0.014637465
21304.6875	0.014570804
21328.125	0.01157444
21351.5625	0.011958995
21375	0.010421765
21398.4375	0.016361485
21421.875	0.013726694
21445.3125	0.015065399
21468.75	0.012048658
21492.1875	0.01273864
21515.625	0.013664733
21539.0625	0.01239633
21562.5	0.016177146
21585.9375	0.013586987
21609.375	0.011756224
21632.8125	0.014531142
21656.25	0.013207999
21679.6875	0.014800079
21703.125	0.012148041
21726.5625	0.011231396
21750	0.012704455
21773.4375	0.011895612
21796.875	0.013939176
21820.3125	0.01214755
21843.75	0.01370702
21867.1875	0.011446672
21890.625	0.013408374
21914.0625	0.012339175
21937.5	0.013359502
21960.9375	0.012703903
21984.375	0.012907476
22007.8125	0.013980948
22031.25	0.013558967
22054.6875	0.012522986
22078.125	0.013417009
22101.5625	0.013785916
22125	0.010864254
22148.4375	0.011802025
22171.875	0.011884709
22195.3125	0.012948489
22218.75	0.011720441
22242.1875	0.010662501
22265.625	0.015242453
22289.0625	0.014087866
22312.5	0.014549379
22335.9375	0.013155756
22359.375	0.013650503
22382.8125	0.011496351
22406.25	0.013681783
22429.6875	0.012905024
22453.125	0.013536375
22476.5625	0.01238892
22500	0.014226513
22523.4375	0.012435328
22546.875	0.013001845
22570.3125	0.013518485
22593.75	0.011355239
22617.1875	0.013193204
22640.625	0.012625531
22664.0625	0.01292835
22687.5	0.014228148
22710.9375	0.012917666
22734.375	0.013832307
22757.8125	0.012402234
22781.25	0.012435268
22804.6875	0.012362361
22828.125	0.013524715
22851.5625	0.012764271
22875	0.013061407
22898.4375	0.011481852
22921.875	0.013406169
22945.3125	0.013555347
22968.75	0.013557844
22992.1875	0.013485381
23015.625	0.012334533
23039.0625	0.013378006
23062.5	0.012392301
23085.9375	0.01248043
23109.375	0.013354537
23132.8125	0.012952947
23156.25	0.012468483
23179.6875	0.013069756
23203.125	0.01341774
23226.5625	0.013014932
23250	0.012658367
23273.4375	0.012698518
23296.875	0.012495897
23320.3125	0.013622624
23343.75	0.01311865
23367.1875	0.01183139
23390.625	0.013499321
23414.0625	0.013527313
23437.5	0.013075961
23460.9375	0.012760598
23484.375	0.013021201
23507.8125	0.012317255
23531.25	0.012700854
23554.6875	0.013105335
23578.125	0.01312566
23601.5625	0.012771188
23625	0.013382472
23648.4375	0.012647211
23671.875	0.012739306
23695.3125	0.012950431
23718.75	0.01281381
23742.1875	0.012696452
23765.625	0.012421013
23789.0625	0.012643819
23812.5	0.012950121
23835.9375	0.012672032
23859.375	0.013365005
23882.8125	0.012787865
23906.25	0.013045403
23929.6875	0.013609367
23953.125	0.012550047
23976.5625	0.012490608
